1.1
1.09998
1.09994
1.09986
1.09975
1.09962
1.09945
1.09925
1.09901
1.09875
1.09846
1.09813
1.09777
1.09737
1.09695
1.09649
1.09599
1.09546
1.0949
1.0943
1.09366
1.09299
1.09228
1.09153
1.09075
1.08992
1.08905
1.08815
1.0872
1.08621
1.08518
1.0841
1.08298
1.08182
1.08061
1.07935
1.07804
1.07668
1.07528
1.07382
1.07231
1.07075
1.06913
1.06746
1.06573
1.06395
1.0621
1.0602
1.05823
1.0562
1.05411
1.05195
1.04973
1.04743
1.04507
1.04264
1.04013
1.03755
1.03489
1.03216
1.02935
1.02646
1.02349
1.02044
1.0173
1.01408
1.01078
1.00739
1.00391
1.00034
0.996681
0.992929
0.989084
0.985144
0.981109
0.976978
0.97275
0.968423
0.963998
0.959474
0.95485
0.950126
0.945301
0.940375
0.935347
0.93022
0.924991
0.919662
0.914233
0.908704
0.903076
0.897351
0.891529
0.885613
0.879603
0.873501
0.86731
0.861032
0.854668
0.848222
0.841697
0.835096
0.828421
0.821677
0.814868
0.807997
0.801068
0.794087
0.787057
0.779984
0.772873
0.765729
0.758557
0.751364
0.744155
0.736937
0.729714
0.722494
0.715283
0.708088
0.700915
0.693772
0.686665
0.679601
0.672587
0.665629
0.658734
0.651908
0.645158
0.638491
0.631912
0.625428
0.619044
0.612768
0.606605
0.600559
0.594637
0.588844
0.583183
0.577659
0.572278
0.567041
0.561954
0.55702
0.552242
0.547622
0.543164
0.538869
0.534739
0.530777
0.526983
0.523359
0.519904
0.516621
0.513507
0.510565
0.507792
0.505189
0.502754
0.500486
0.498385
0.496448
0.494673
0.49306
0.491604
0.490305
0.489159
0.488165
0.487319
0.486617
0.486058
0.485637
0.485351
0.485197
0.485171
0.48527
0.485491
0.485828
0.48628
0.486842
0.487509
0.488279
0.489147
0.490109
0.491162
0.492301
0.493523
0.494823
0.496199
0.497645
0.499157
0.500733
0.502369
0.50406
0.505803
0.507595
0.509433
0.511313
0.513232
0.515186
0.517171
0.519184
0.521223
0.523285
0.525365
0.527463
0.529574
0.531696
0.533827
0.535964
0.538104
0.540246
0.542387
0.544524
0.546656
0.548781
0.550896
0.552999
0.555089
0.557164
0.559222
0.561262
0.563282
0.56528
0.567257
0.569209
0.571137
0.573039
0.574914
0.576761
0.578579
0.580367
0.582125
0.583853
0.585548
0.587212
0.588842
0.59044
0.592004
0.593534
0.595031
0.596493
0.597921
0.599315
0.600675
0.602
0.60329
0.604546
0.605768
0.606955
1.10075
1.1022
1.10354
1.10475
1.10583
1.1068
1.10765
1.10838
1.109
1.1095
1.10989
1.11016
1.11031
1.11036
1.1103
1.11012
1.10984
1.10945
1.10896
1.10835
1.10764
1.10683
1.10592
1.1049
1.10378
1.10256
1.10123
1.09981
1.09829
1.09667
1.09495
1.09314
1.09123
1.08922
1.08712
1.08493
1.08264
1.08026
1.07779
1.07523
1.07258
1.06984
1.06702
1.06411
1.06111
1.05803
1.05487
1.05163
1.04831
1.04492
1.04145
1.03791
1.03429
1.03062
1.02687
1.02307
1.0192
1.01528
1.01131
1.00728
1.00321
0.999101
0.994951
0.990766
0.986551
0.982309
0.978046
0.973766
0.969473
0.965173
0.960869
0.956568
0.952274
0.947993
0.943728
0.939487
0.935273
0.931092
0.926949
0.922851
0.918801
0.914806
0.910871
0.907001
0.903202
0.899479
0.895838
0.892283
0.88882
0.885455
0.882191
0.879035
0.87599
0.873061
0.870252
0.867569
0.865015
0.862593
0.860307
0.85816
0.856154
0.854291
0.852574
0.851005
0.849583
0.84831
0.847187
0.846212
0.845386
0.844707
0.844174
0.843784
0.843535
0.843425
0.84345
0.843606
0.843891
0.844299
0.844826
0.845468
0.846219
0.847073
0.848025
0.84907
0.850202
0.851417
0.852707
0.854068
0.855492
0.856975
0.858511
0.860095
0.861722
0.863386
0.865082
0.866805
0.86855
0.870313
0.87209
0.873877
0.875669
0.877464
0.879256
0.881043
0.882822
0.884589
0.886342
0.888076
0.889791
0.891483
0.89315
0.89479
0.8964
0.897979
0.899525
0.901035
0.902509
0.903945
0.905341
0.906696
0.908008
0.909275
0.910498
0.911675
0.912805
0.913886
0.914918
0.915899
0.91683
0.917708
0.918535
0.919308
0.920029
0.920696
0.921308
0.921866
0.922369
0.922818
0.923211
0.92355
0.923834
0.924063
0.924239
0.924361
0.92443
0.924446
0.924411
0.924323
0.924185
0.923998
0.923762
0.923478
0.923148
0.922773
0.922354
0.921894
0.921392
0.920852
0.920275
0.919663
0.919016
0.918337
0.917628
0.916891
0.916129
0.915342
0.914534
0.913706
0.912862
0.912003
0.911132
0.91025
0.909361
0.908465
0.907566
0.906665
0.905765
0.904867
0.903975
0.903089
0.902212
0.901346
0.900493
0.899655
0.898835
0.898033
0.897251
0.896491
0.895755
0.895045
0.89436
0.893702
0.893073
0.892473
0.891903
0.891365
0.890859
0.890386
0.889946
0.88954
0.889168
0.88883
0.888527
0.888259
0.888025
0.887825
0.887659
0.887527
0.887427
0.88736
1.09996
1.09993
1.09989
1.09985
1.0998
1.09975
1.09968
1.09961
1.09952
1.09943
1.09932
1.0992
1.09907
1.09892
1.09876
1.09858
1.09838
1.09817
1.09794
1.09768
1.09741
1.09712
1.0968
1.09647
1.09611
1.09573
1.09532
1.09489
1.09444
1.09396
1.09346
1.09294
1.0924
1.09183
1.09124
1.09062
1.08999
1.08933
1.08865
1.08795
1.08723
1.0865
1.08574
1.08497
1.08419
1.08339
1.08258
1.08175
1.08092
1.08008
1.07922
1.07837
1.0775
1.07663
1.07576
1.07488
1.07401
1.07313
1.07225
1.07137
1.07049
1.06962
1.06875
1.06788
1.06701
1.06615
1.06529
1.06444
1.06359
1.06275
1.06191
1.06108
1.06025
1.05943
1.05861
1.0578
1.05699
1.05619
1.05539
1.0546
1.05381
1.05303
1.05226
1.05149
1.05072
1.04996
1.04921
1.04846
1.04772
1.04699
1.04626
1.04555
1.04484
1.04414
1.04345
1.04277
1.0421
1.04144
1.04079
1.04015
1.03952
1.0389
1.03829
1.03769
1.03709
1.0365
1.03592
1.03534
1.03477
1.03419
1.03362
1.03304
1.03246
1.03187
1.03128
1.03067
1.03005
1.02941
1.02876
1.02808
1.02737
1.02664
1.02587
1.02508
1.02424
1.02337
1.02245
1.02149
1.02048
1.01943
1.01832
1.01716
1.01595
1.01469
1.01336
1.01198
1.01055
1.00905
1.0075
1.00588
1.00421
1.00249
1.00071
0.998869
0.996979
0.995038
0.993049
0.991013
0.988932
0.986811
0.984652
0.982458
0.980231
0.977977
0.975699
0.973399
0.971084
0.968757
0.966421
0.964083
0.961744
0.959411
0.957086
0.954774
0.95248
0.950207
0.94796
0.945743
0.943559
0.941412
0.939307
0.937246
0.935233
0.933273
0.931367
0.929519
0.927732
0.926008
0.924349
0.922758
0.921238
0.91979
0.918415
0.917115
0.915891
0.914744
0.913676
0.912685
0.911774
0.91094
0.910186
0.909509
0.90891
0.908389
0.907942
0.90757
0.907271
0.907043
0.906885
0.906793
0.906767
0.906802
0.906896
0.907047
0.90725
0.907503
0.907802
0.908144
0.908525
0.908941
0.909389
0.909863
0.910361
0.910878
0.911411
0.911955
0.912506
0.913061
0.913617
0.914169
0.914714
0.915249
0.915769
0.916273
0.916758
0.917221
0.91766
0.918071
0.918455
0.918809
0.919133
0.919424
0.919682
0.919906
0.920096
0.920252
0.920373
0.92046
0.920513
0.920533
0.920521
0.920479
0.920408
0.92031
0.920186
0.920038
0.919868
0.919678
0.91947
0.919247
1.09984
1.09954
1.09919
1.0988
1.09837
1.0979
1.09739
1.09686
1.0963
1.09571
1.09511
1.09449
1.09386
1.09321
1.09257
1.09192
1.09127
1.09062
1.08999
1.08936
1.08875
1.08816
1.08758
1.08703
1.08651
1.08601
1.08554
1.08511
1.08471
1.08435
1.08402
1.08374
1.08349
1.08329
1.08313
1.08302
1.08296
1.08294
1.08297
1.08305
1.08317
1.08335
1.08358
1.08386
1.08418
1.08456
1.08498
1.08545
1.08598
1.08655
1.08717
1.08783
1.08855
1.08931
1.09011
1.09096
1.09185
1.09278
1.09375
1.09476
1.09581
1.09688
1.098
1.09914
1.10031
1.10151
1.10273
1.10398
1.10524
1.10652
1.10781
1.10911
1.11043
1.11174
1.11306
1.11438
1.1157
1.11701
1.11832
1.11961
1.12088
1.12214
1.12338
1.1246
1.1258
1.12696
1.1281
1.12921
1.13029
1.13134
1.13235
1.13333
1.13427
1.13517
1.13604
1.13687
1.13766
1.13842
1.13913
1.13982
1.14046
1.14107
1.14165
1.14219
1.14271
1.14319
1.14364
1.14406
1.14446
1.14483
1.14518
1.1455
1.14581
1.14609
1.14635
1.1466
1.14683
1.14704
1.14723
1.14741
1.14757
1.14772
1.14785
1.14796
1.14805
1.14813
1.14818
1.14822
1.14823
1.14821
1.14817
1.14811
1.14801
1.14788
1.14771
1.14751
1.14727
1.14699
1.14667
1.1463
1.14588
1.14541
1.14488
1.1443
1.14366
1.14296
1.14219
1.14137
1.14047
1.13951
1.13848
1.13737
1.1362
1.13495
1.13363
1.13223
1.13076
1.12921
1.12759
1.1259
1.12413
1.12229
1.12038
1.1184
1.11636
1.11426
1.1121
1.10988
1.1076
1.10528
1.10292
1.10051
1.09808
1.09561
1.09313
1.09063
1.08812
1.08561
1.0831
1.08061
1.07814
1.0757
1.07329
1.07094
1.06863
1.06639
1.06421
1.06212
1.06011
1.05819
1.05637
1.05466
1.05307
1.0516
1.05026
1.04905
1.04798
1.04705
1.04627
1.04564
1.04516
1.04484
1.04468
1.04467
1.04481
1.04512
1.04558
1.04619
1.04695
1.04786
1.04892
1.05011
1.05144
1.0529
1.05448
1.05618
1.05799
1.05991
1.06193
1.06405
1.06625
1.06853
1.07089
1.07331
1.0758
1.07834
1.08092
1.08356
1.08622
1.08892
1.09164
1.09437
1.09712
1.09988
1.10264
1.10539
1.10814
1.11087
1.11358
1.11626
1.11892
1.12155
1.12413
1.12668
1.12918
1.13163
1.13403
1.13637
1.13866
1.14088
1.10102
1.10307
1.10507
1.10701
1.10888
1.11069
1.11243
1.1141
1.1157
1.11723
1.11869
1.12008
1.12139
1.12263
1.1238
1.12489
1.12591
1.12686
1.12773
1.12854
1.12927
1.12993
1.13052
1.13105
1.1315
1.13189
1.13222
1.13248
1.13268
1.13282
1.1329
1.13292
1.13288
1.13279
1.13265
1.13245
1.1322
1.13191
1.13156
1.13116
1.13072
1.13023
1.12969
1.12912
1.1285
1.12784
1.12714
1.1264
1.12562
1.12481
1.12395
1.12307
1.12215
1.1212
1.12022
1.11921
1.11818
1.11712
1.11603
1.11493
1.11381
1.11268
1.11153
1.11037
1.10921
1.10805
1.10689
1.10574
1.1046
1.10347
1.10235
1.10126
1.1002
1.09916
1.09816
1.09719
1.09627
1.09539
1.09455
1.09377
1.09304
1.09236
1.09174
1.09117
1.09066
1.09021
1.08981
1.08947
1.08918
1.08895
1.08877
1.08863
1.08854
1.08849
1.08848
1.08851
1.08856
1.08865
1.08875
1.08888
1.08902
1.08917
1.08933
1.08949
1.08965
1.08981
1.08995
1.09009
1.09022
1.09032
1.09041
1.09047
1.09051
1.09053
1.09051
1.09047
1.09039
1.09028
1.09014
1.08996
1.08975
1.0895
1.08921
1.08889
1.08853
1.08813
1.0877
1.08723
1.08672
1.08618
1.08561
1.085
1.08437
1.0837
1.08301
1.08229
1.08154
1.08077
1.07998
1.07918
1.07836
1.07753
1.0767
1.07586
1.07502
1.07419
1.07337
1.07256
1.07176
1.07099
1.07025
1.06954
1.06886
1.06822
1.06763
1.06708
1.06658
1.06614
1.06575
1.06542
1.06515
1.06495
1.0648
1.06472
1.0647
1.06475
1.06485
1.06501
1.06523
1.06551
1.06583
1.0662
1.06661
1.06706
1.06754
1.06805
1.06858
1.06913
1.06969
1.07026
1.07083
1.0714
1.07195
1.0725
1.07303
1.07353
1.07401
1.07446
1.07488
1.07526
1.0756
1.07591
1.07617
1.07638
1.07655
1.07668
1.07675
1.07678
1.07676
1.07669
1.07657
1.07641
1.0762
1.07594
1.07564
1.07529
1.0749
1.07447
1.07399
1.07347
1.07292
1.07232
1.07169
1.07102
1.07032
1.06958
1.06881
1.06801
1.06717
1.06631
1.06541
1.06449
1.06354
1.06257
1.06157
1.06055
1.0595
1.05844
1.05736
1.05627
1.05516
1.05404
1.05292
1.05179
1.05066
1.04954
1.04842
1.04732
1.04623
1.04517
1.04415
1.04315
1.04221
1.04131
1.04047
1.03969
1.03899
1.03836
1.03782
1.03738
1.09981
1.09956
1.09942
1.09938
1.09946
1.09966
1.09999
1.10045
1.10104
1.10176
1.10263
1.10362
1.10476
1.10603
1.10742
1.10895
1.1106
1.11236
1.11423
1.1162
1.11827
1.12043
1.12266
1.12495
1.12731
1.12971
1.13214
1.13461
1.13709
1.13958
1.14206
1.14453
1.14698
1.1494
1.15178
1.15412
1.1564
1.15862
1.16078
1.16286
1.16487
1.16679
1.16863
1.17038
1.17203
1.17359
1.17505
1.1764
1.17765
1.1788
1.17983
1.18076
1.18159
1.1823
1.1829
1.1834
1.18379
1.18407
1.18425
1.18432
1.18429
1.18415
1.18392
1.18359
1.18316
1.18264
1.18203
1.18134
1.18055
1.17969
1.17875
1.17774
1.17665
1.1755
1.17428
1.17301
1.17169
1.17031
1.16889
1.16743
1.16594
1.16441
1.16285
1.16128
1.15969
1.15809
1.15648
1.15488
1.15328
1.15169
1.15011
1.14856
1.14703
1.14554
1.14407
1.14265
1.14127
1.13994
1.13866
1.13744
1.13627
1.13516
1.13412
1.13314
1.13222
1.13137
1.13059
1.12987
1.12921
1.12862
1.12808
1.1276
1.12718
1.1268
1.12647
1.12617
1.12591
1.12568
1.12547
1.12528
1.12509
1.12491
1.12472
1.12453
1.12431
1.12408
1.12381
1.12351
1.12316
1.12277
1.12232
1.12181
1.12125
1.12062
1.11992
1.11915
1.11831
1.11739
1.11639
1.11532
1.11416
1.11293
1.11162
1.11023
1.10877
1.10723
1.10563
1.10395
1.10221
1.10041
1.09855
1.09663
1.09467
1.09265
1.0906
1.08851
1.08639
1.08425
1.08209
1.07991
1.07773
1.07554
1.07336
1.07118
1.06902
1.06688
1.06477
1.06269
1.06064
1.05864
1.05668
1.05477
1.05291
1.05111
1.04937
1.04769
1.04608
1.04453
1.04306
1.04166
1.04032
1.03907
1.03788
1.03676
1.03572
1.03475
1.03384
1.03301
1.03224
1.03153
1.03089
1.0303
1.02978
1.0293
1.02888
1.02851
1.02818
1.0279
1.02766
1.02746
1.02729
1.02716
1.02706
1.02699
1.02696
1.02695
1.02696
1.02701
1.02707
1.02717
1.02729
1.02743
1.02761
1.02781
1.02803
1.02829
1.02858
1.02889
1.02925
1.02963
1.03006
1.03052
1.03102
1.03156
1.03215
1.03279
1.03347
1.03421
1.03499
1.03583
1.03672
1.03767
1.03867
1.03973
1.04084
1.04201
1.04324
1.04453
1.04586
1.04726
1.0487
1.0502
1.05175
1.05335
1.05498
1.05667
1.05838
1.06014
1.06192
1.06374
1.10091
1.10279
1.10467
1.10656
1.10845
1.11032
1.11219
1.11404
1.11586
1.11766
1.11943
1.12115
1.12284
1.12448
1.12607
1.1276
1.12908
1.13049
1.13182
1.13309
1.13428
1.1354
1.13642
1.13737
1.13822
1.13898
1.13964
1.14021
1.14069
1.14106
1.14133
1.1415
1.14156
1.14153
1.14138
1.14114
1.14079
1.14033
1.13978
1.13912
1.13836
1.13751
1.13656
1.13551
1.13437
1.13315
1.13183
1.13043
1.12894
1.12738
1.12574
1.12403
1.12226
1.12042
1.11852
1.11657
1.11457
1.11252
1.11043
1.10831
1.10617
1.104
1.10181
1.09961
1.0974
1.0952
1.093
1.09082
1.08865
1.08651
1.0844
1.08232
1.08029
1.07831
1.07638
1.07451
1.07271
1.07098
1.06933
1.06776
1.06627
1.06488
1.06358
1.06238
1.06128
1.06029
1.0594
1.05863
1.05797
1.05743
1.05701
1.05671
1.05653
1.05647
1.05653
1.05671
1.05701
1.05743
1.05797
1.05862
1.05938
1.06026
1.06124
1.06232
1.0635
1.06477
1.06612
1.06756
1.06908
1.07066
1.07231
1.07401
1.07576
1.07755
1.07938
1.08124
1.08311
1.085
1.0869
1.08879
1.09067
1.09254
1.09438
1.09619
1.09797
1.0997
1.10139
1.10302
1.10459
1.1061
1.10754
1.1089
1.11018
1.11138
1.11249
1.11352
1.11445
1.11528
1.11601
1.11664
1.11717
1.1176
1.11792
1.11813
1.11823
1.11822
1.11811
1.11788
1.11755
1.1171
1.11656
1.1159
1.11514
1.11428
1.11332
1.11226
1.11111
1.10987
1.10854
1.10713
1.10564
1.10407
1.10244
1.10074
1.09898
1.09716
1.0953
1.0934
1.09146
1.08948
1.08748
1.08547
1.08344
1.0814
1.07935
1.07731
1.07528
1.07326
1.07125
1.06926
1.06729
1.06535
1.06344
1.06156
1.05971
1.0579
1.05612
1.05438
1.05268
1.05102
1.04939
1.04781
1.04626
1.04475
1.04328
1.04185
1.04046
1.0391
1.03777
1.03648
1.03523
1.034
1.03281
1.03164
1.03051
1.0294
1.02832
1.02727
1.02625
1.02525
1.02428
1.02333
1.02241
1.02151
1.02064
1.01979
1.01897
1.01817
1.01739
1.01665
1.01592
1.01523
1.01456
1.01391
1.01329
1.0127
1.01214
1.0116
1.01109
1.0106
1.01014
1.00972
1.00932
1.00894
1.0086
1.00828
1.008
1.00774
1.00752
1.00732
1.00716
1.00703
1.00694
1.00688
1.00685
1.00687
1.00692
1.00701
1.00714
1.00732
1.10008
1.10034
1.10062
1.10092
1.10125
1.10161
1.102
1.10242
1.10287
1.10337
1.1039
1.10448
1.1051
1.10576
1.10647
1.10724
1.10805
1.10891
1.10982
1.11078
1.11179
1.11285
1.11396
1.11512
1.11632
1.11756
1.11885
1.12017
1.12153
1.12291
1.12433
1.12576
1.12721
1.12867
1.13014
1.13162
1.13308
1.13454
1.13599
1.13741
1.13881
1.14018
1.14152
1.14282
1.14408
1.14529
1.14646
1.14757
1.14864
1.14965
1.15061
1.15153
1.15239
1.15321
1.15399
1.15474
1.15545
1.15615
1.15683
1.1575
1.15818
1.15886
1.15958
1.16032
1.16111
1.16196
1.16287
1.16385
1.16492
1.16608
1.16734
1.16871
1.17019
1.17179
1.1735
1.17534
1.1773
1.17938
1.18157
1.18388
1.18629
1.1888
1.1914
1.19408
1.19684
1.19967
1.20255
1.20547
1.20842
1.2114
1.21439
1.21738
1.22036
1.22332
1.22626
1.22917
1.23203
1.23485
1.23761
1.24032
1.24295
1.24552
1.24802
1.25044
1.25278
1.25504
1.25722
1.25931
1.26131
1.26323
1.26506
1.26679
1.26844
1.27
1.27147
1.27285
1.27414
1.27534
1.27645
1.27747
1.2784
1.27925
1.28
1.28067
1.28125
1.28173
1.28213
1.28244
1.28267
1.2828
1.28285
1.28281
1.28268
1.28247
1.28216
1.28177
1.2813
1.28073
1.28008
1.27934
1.27852
1.27761
1.27661
1.27553
1.27436
1.27311
1.27177
1.27036
1.26886
1.26728
1.26562
1.26388
1.26207
1.26018
1.25822
1.25619
1.25409
1.25193
1.2497
1.24741
1.24507
1.24266
1.24021
1.2377
1.23515
1.23255
1.22992
1.22724
1.22453
1.22179
1.21902
1.21623
1.21341
1.21058
1.20772
1.20486
1.20199
1.19911
1.19623
1.19334
1.19046
1.18758
1.18471
1.18185
1.179
1.17616
1.17334
1.17053
1.16775
1.16499
1.16225
1.15954
1.15686
1.15421
1.15159
1.14901
1.14646
1.14395
1.14148
1.13906
1.13668
1.13435
1.13206
1.12983
1.12764
1.12552
1.12344
1.12143
1.11947
1.11758
1.11574
1.11397
1.11227
1.11063
1.10905
1.10755
1.10611
1.10473
1.10343
1.1022
1.10103
1.09993
1.0989
1.09793
1.09703
1.09619
1.09542
1.09471
1.09407
1.09348
1.09295
1.09247
1.09205
1.09168
1.09136
1.09109
1.09087
1.09069
1.09055
1.09044
1.09038
1.09035
1.09035
1.09038
1.09043
1.09052
1.09062
1.09075
1.0909
1.09106
1.10006
1.10026
1.10047
1.10069
1.10093
1.10117
1.10143
1.10169
1.10197
1.10226
1.10256
1.10287
1.1032
1.10354
1.1039
1.10428
1.10468
1.1051
1.10554
1.10601
1.10651
1.10704
1.1076
1.10819
1.10882
1.10948
1.11018
1.11092
1.11171
1.11254
1.11341
1.11433
1.11529
1.1163
1.11736
1.11847
1.11962
1.12082
1.12207
1.12337
1.12471
1.1261
1.12753
1.12901
1.13053
1.13209
1.13368
1.13531
1.13698
1.13867
1.14039
1.14214
1.1439
1.14569
1.14749
1.14931
1.15113
1.15296
1.1548
1.15663
1.15845
1.16027
1.16207
1.16386
1.16562
1.16736
1.16908
1.17077
1.17242
1.17404
1.17562
1.17716
1.17865
1.18009
1.18149
1.18284
1.18413
1.18537
1.18655
1.18768
1.18875
1.18976
1.19071
1.1916
1.19243
1.19321
1.19393
1.19459
1.19519
1.19574
1.19624
1.19668
1.19708
1.19743
1.19774
1.198
1.19823
1.19842
1.19857
1.1987
1.1988
1.19888
1.19893
1.19897
1.19899
1.19901
1.19901
1.19901
1.199
1.199
1.19899
1.199
1.199
1.19902
1.19905
1.19909
1.19915
1.19922
1.1993
1.1994
1.19952
1.19966
1.19981
1.19998
1.20017
1.20038
1.2006
1.20084
1.2011
1.20137
1.20165
1.20194
1.20225
1.20257
1.20289
1.20323
1.20357
1.20392
1.20427
1.20463
1.20499
1.20535
1.20571
1.20607
1.20643
1.20678
1.20714
1.20749
1.20784
1.20819
1.20853
1.20886
1.20919
1.20952
1.20983
1.21015
1.21045
1.21075
1.21104
1.21133
1.2116
1.21187
1.21213
1.21238
1.21263
1.21286
1.21309
1.21331
1.21352
1.21372
1.21391
1.21409
1.21427
1.21444
1.21461
1.21477
1.21493
1.21508
1.21524
1.21539
1.21555
1.21571
1.21587
1.21605
1.21623
1.21642
1.21662
1.21683
1.21706
1.21731
1.21758
1.21786
1.21817
1.2185
1.21885
1.21922
1.21962
1.22004
1.22049
1.22096
1.22146
1.22198
1.22253
1.2231
1.22369
1.2243
1.22493
1.22559
1.22626
1.22695
1.22766
1.22838
1.22912
1.22987
1.23063
1.23141
1.23219
1.23299
1.23379
1.2346
1.23541
1.23624
1.23706
1.2379
1.23874
1.23958
1.24044
1.24129
1.24216
1.24303
1.24391
1.24479
1.24568
1.24659
1.2475
1.24842
1.24936
1.2503
1.25126
1.25223
1.25322
1.25421
1.25523
1.25626
1.2573
1.25836
1.25943
1.26052
1.26162
1.26274
1.1005
1.10159
1.10272
1.10389
1.1051
1.10635
1.10763
1.10895
1.1103
1.11167
1.11307
1.11449
1.11593
1.11738
1.11884
1.12031
1.12178
1.12325
1.12472
1.12617
1.12762
1.12905
1.13046
1.13185
1.13322
1.13456
1.13586
1.13713
1.13836
1.13956
1.14071
1.14181
1.14288
1.14389
1.14485
1.14577
1.14663
1.14743
1.14818
1.14888
1.14951
1.15009
1.15061
1.15107
1.15146
1.1518
1.15207
1.15228
1.15242
1.1525
1.15251
1.15245
1.15232
1.15213
1.15187
1.15154
1.15113
1.15066
1.15011
1.14949
1.14879
1.14802
1.14718
1.14626
1.14526
1.14418
1.14302
1.14179
1.14048
1.13909
1.13762
1.13607
1.13445
1.13275
1.13097
1.12911
1.12718
1.12517
1.12309
1.12093
1.1187
1.11641
1.11405
1.11162
1.10912
1.10657
1.10395
1.10128
1.09856
1.09578
1.09295
1.09008
1.08717
1.08421
1.08122
1.0782
1.07514
1.07206
1.06896
1.06584
1.0627
1.05955
1.0564
1.05324
1.05007
1.04692
1.04376
1.04062
1.0375
1.03439
1.0313
1.02824
1.0252
1.0222
1.01923
1.0163
1.0134
1.01055
1.00775
1.00499
1.00229
0.999636
0.997037
0.994494
0.992009
0.989584
0.987219
0.984917
0.982678
0.980505
0.978397
0.976357
0.974384
0.972481
0.970648
0.968886
0.967195
0.965577
0.964032
0.96256
0.961162
0.959839
0.958591
0.957418
0.956323
0.955305
0.954365
0.953503
0.952721
0.95202
0.9514
0.950862
0.950407
0.950034
0.949746
0.949541
0.949423
0.949392
0.949447
0.94959
0.94982
0.950139
0.950548
0.951047
0.951636
0.952316
0.953088
0.953951
0.954907
0.955953
0.957092
0.958322
0.959643
0.961056
0.962559
0.964154
0.965837
0.96761
0.969471
0.97142
0.973454
0.975574
0.977776
0.98006
0.982424
0.984865
0.987383
0.989975
0.992639
0.995372
0.99817
1.00103
1.00395
1.00693
1.00996
1.01304
1.01617
1.01934
1.02255
1.02579
1.02906
1.03236
1.03569
1.03903
1.04238
1.04575
1.04912
1.05249
1.05586
1.05922
1.06257
1.06591
1.06922
1.07251
1.07577
1.07901
1.0822
1.08536
1.08847
1.09154
1.09455
1.09752
1.10042
1.10327
1.10606
1.10878
1.11144
1.11403
1.11655
1.119
1.12137
1.12366
1.12588
1.12803
1.13009
1.13207
1.13398
1.1358
1.13755
1.13921
1.14079
1.1423
1.14372
1.14506
1.14633
1.14751
1.14862
1.14965
1.1506
1.15148
