0.001,0,52.7091
0.00101391,1,49.5353
0.00102802,2,54.2504
0.00104232,3,49.1215
0.00105682,4,53.4282
0.00107152,5,48.0183
0.00108643,6,48.1221
0.00110154,7,47.8864
0.00111686,8,55.5412
0.0011324,9,57.1169
0.00114815,10,49.9608
0.00116413,11,51.0032
0.00118032,12,46.4672
0.00119674,13,51.3386
0.00121339,14,47.1538
0.00123027,15,51.7694
0.00124738,16,55.4929
0.00126474,17,54.8019
0.00128233,18,50.3148
0.00130017,19,51.0068
0.00131826,20,58.2601
0.0013366,21,49.6839
0.00135519,22,50.5157
0.00137404,23,53.6176
0.00139316,24,46.099
0.00141254,25,50.5173
0.00143219,26,43.1553
0.00145211,27,58.5109
0.00147231,28,50.5889
0.00149279,29,50.365
0.00151356,30,46.4112
0.00153462,31,55.7307
0.00155597,32,57.4462
0.00157761,33,47.5385
0.00159956,34,50.4426
0.00162181,35,52.9681
0.00164437,36,42.6728
0.00166725,37,55.5369
0.00169044,38,50.8719
0.00171396,39,51.9619
0.0017378,40,52.8592
0.00176198,41,45.5845
0.00178649,42,53.0034
0.00181134,43,47.2136
0.00183654,44,51.8903
0.00186209,45,50.3556
0.00188799,46,53.8553
0.00191426,47,46.8301
0.00194089,48,57.8878
0.00196789,49,53.2157
0.00199526,50,57.7974
0.00202302,51,52.6129
0.00205116,52,56.1487
0.0020797,53,50.2055
0.00210863,54,54.5517
0.00213796,55,46.983
0.0021677,56,49.2229
0.00219786,57,51.3496
0.00222844,58,59.9064
0.00225944,59,54.8784
0.00229087,60,56.325
0.00232274,61,50.5427
0.00235505,62,49.436
0.00238781,63,53.0346
0.00242103,64,60.4548
0.00245471,65,51.973
0.00248886,66,51.4502
0.00252348,67,51.1054
0.00255859,68,49.8054
0.00259418,69,47.7145
0.00263027,70,54.2023
0.00266686,71,54.4777
0.00270396,72,51.9842
0.00274157,73,57.1298
0.00277971,74,45.2027
0.00281838,75,50.7519
0.00285759,76,44.6788
0.00289734,77,51.3891
0.00293765,78,56.4659
0.00297852,79,48.399
0.00301995,80,45.2075
0.00306196,81,52.1903
0.00310456,82,51.3015
0.00314775,83,46.2635
0.00319154,84,48.7497
0.00323594,85,53.3713
0.00328095,86,49.7328
0.0033266,87,54.9325
0.00337287,88,48.362
0.00341979,89,51.1961
0.00346737,90,42.9918
0.0035156,91,59.8284
0.00356451,92,57.1046
0.0036141,93,44.7565
0.00366438,94,46.9994
0.00371535,95,46.9045
0.00376704,96,56.0689
0.00381944,97,53.5196
0.00387258,98,53.9952
0.00392645,99,49.6212
0.00398107,100,50.5182
0.00403645,101,59.5956
0.00409261,102,50.1269
0.00414954,103,51.2063
0.00420727,104,46.1877
0.0042658,105,51.8669
0.00432514,106,53.7123
0.00438531,107,56.3458
0.00444631,108,57.6121
0.00450817,109,57.3621
0.00457088,110,53.2473
0.00463447,111,53.4811
0.00469894,112,54.0699
0.00476431,113,57.0203
0.00483059,114,53.1837
0.00489779,115,54.0352
0.00496592,116,53.4136
0.00503501,117,55.1174
0.00510505,118,48.3525
0.00517607,119,53.2009
0.00524807,120,54.9882
0.00532108,121,43.74
0.00539511,122,45.5053
0.00547016,123,51.4771
0.00554626,124,51.9289
0.00562341,125,50.7868
0.00570164,126,52.7768
0.00578096,127,49.5
0.00586138,128,40.5765
0.00594292,129,44.4625
0.0060256,130,48.5176
0.00610942,131,52.8328
0.00619441,132,50.8022
0.00628058,133,51.181
0.00636796,134,53.314
0.00645654,135,51.6027
0.00654636,136,54.1464
0.00663743,137,53.7018
0.00672977,138,44.8965
0.00682339,139,46.3922
0.00691831,140,61.9985
0.00701455,141,54.2811
0.00711214,142,45.7022
0.00721107,143,52.9849
0.00731139,144,52.8002
0.0074131,145,52.9698
0.00751623,146,54.3638
0.00762079,147,48.9826
0.00772681,148,53.1001
0.0078343,149,44.8254
0.00794328,150,50.3109
0.00805378,151,50.8696
0.00816582,152,59.8802
0.00827942,153,57.6958
0.0083946,154,59.3163
0.00851138,155,44.3318
0.00862979,156,59.4957
0.00874984,157,51.9876
0.00887156,158,51.3913
0.00899498,159,43.9411
0.00912011,160,50.3684
0.00924698,161,45.4068
0.00937562,162,53.4868
0.00950605,163,46.6647
0.00963829,164,55.8599
0.00977237,165,55.5459
0.00990832,166,50.0511
0.0100462,167,51.9467
0.0101859,168,47.9119
0.0103276,169,45.4501
0.0104713,170,39.7364
0.010617,171,53.3296
0.0107647,172,49.519
0.0109144,173,50.1188
0.0110662,174,54.6008
0.0112202,175,51.6489
0.0113763,176,46.6123
0.0115345,177,50.3945
0.011695,178,54.5419
0.0118577,179,54.2277
0.0120226,180,48.4691
0.0121899,181,51.5188
0.0123595,182,49.2677
0.0125314,183,61.4893
0.0127057,184,43.5594
0.0128825,185,53.717
0.0130617,186,50.2102
0.0132434,187,54.6553
0.0134276,188,53.3528
0.0136144,189,48.3647
0.0138038,190,53.9509
0.0139959,191,46.8257
0.0141906,192,46.6857
0.014388,193,52.3291
0.0145881,194,57.5044
0.0147911,195,59.6247
0.0149968,196,51.4471
0.0152055,197,51.4476
0.015417,198,53.9898
0.0156315,199,51.8085
0.0158489,200,56.4872
0.0160694,201,50.4937
0.016293,202,54.8167
0.0165196,203,57.8551
0.0167494,204,48.0098
0.0169824,205,45.1719
0.0172187,206,53.723
0.0174582,207,55.0069
0.0177011,208,46.2935
0.0179473,209,51.8063
0.018197,210,54.3174
0.0184502,211,52.0619
0.0187068,212,56.2771
0.0189671,213,46.0476
0.0192309,214,54.2353
0.0194984,215,51.902
0.0197697,216,49.0885
0.0200447,217,45.6686
0.0203236,218,47.6611
0.0206063,219,53.5747
0.020893,220,55.2335
0.0211836,221,49.1938
0.0214783,222,47.4502
0.0217771,223,44.8228
0.02208,224,48.5442
0.0223872,225,52.8875
0.0226986,226,59.542
0.0230144,227,55.5506
0.0233346,228,54.7798
0.0236592,229,53.8949
0.0239883,230,56.1645
0.024322,231,49.5125
0.0246604,232,48.8412
0.0250035,233,50.2233
0.0253513,234,48.9315
0.025704,235,44.577
0.0260615,236,46.2473
0.0264241,237,47.077
0.0267917,238,49.8969
0.0271644,239,55.4658
0.0275423,240,55.4884
0.0279254,241,45.3189
0.0283139,242,49.8889
0.0287078,243,50.6107
0.0291072,244,56.1077
0.0295121,245,50.9289
0.0299226,246,49.5806
0.0303389,247,49.703
0.030761,248,46.5081
0.0311889,249,48.2954
0.0316228,250,54.7287
0.0320627,251,55.1871
0.0325087,252,52.3968
0.032961,253,51.1389
0.0334195,254,48.5491
0.0338844,255,51.5419
0.0343558,256,45.3298
0.0348337,257,58.2414
0.0353183,258,58.629
0.0358096,259,45.8375
0.0363078,260,48.3972
0.0368129,261,48.7594
0.037325,262,48.9441
0.0378443,263,52.7156
0.0383707,264,51.3915
0.0389045,265,52.3183
0.0394457,266,56.0203
0.0399945,267,52.5313
0.0405509,268,45.0589
0.041115,269,50.5932
0.0416869,270,48.1907
0.0422669,271,44.4239
0.0428549,272,51.0513
0.043451,273,49.0542
0.0440555,274,50.7853
0.0446684,275,47.1725
0.0452898,276,48.3598
0.0459198,277,48.8231
0.0465586,278,49.5808
0.0472063,279,47.6666
0.047863,280,49.3986
0.0485289,281,51.079
0.049204,282,50.9145
0.0498884,283,52.4115
0.0505825,284,53.0869
0.0512861,285,49.4554
0.0519996,286,50.8347
0.052723,287,49.3943
0.0534564,288,55.9967
0.0542001,289,47.2505
0.0549541,290,37.2089
0.0557186,291,54.091
0.0564937,292,56.9278
0.0572796,293,48.5457
0.0580764,294,53.4909
0.0588844,295,50.3217
0.0597035,296,49.5803
0.0605341,297,40.9549
0.0613762,298,52.8573
0.06223,299,45.756
0.0630957,300,53.6989
0.0639735,301,49.1837
0.0648634,302,48.3129
0.0657658,303,47.7124
0.0666807,304,52.9296
0.0676083,305,52.2063
0.0685488,306,48.6848
0.0695024,307,46.4209
0.0704693,308,43.225
0.0714496,309,50.7656
0.0724436,310,47.2767
0.0734514,311,51.9856
0.0744732,312,51.0351
0.0755092,313,51.2807
0.0765597,314,45.8523
0.0776247,315,45.0312
0.0787046,316,52.7635
0.0797995,317,50.6277
0.0809096,318,52.1181
0.0820352,319,45.5784
0.0831764,320,45.8955
0.0843335,321,44.2166
0.0855067,322,57.3459
0.0866962,323,44.1798
0.0879023,324,45.6145
0.0891251,325,52.014
0.0903649,326,55.2818
0.091622,327,54.4723
0.0928966,328,43.6936
0.094189,329,51.0015
0.0954993,330,49.1679
0.0968278,331,51.1669
0.0981748,332,52.6903
0.0995405,333,51.6996
0.100925,334,41.0278
0.102329,335,53.4704
0.103753,336,45.0805
0.105196,337,55.5594
0.10666,338,54.7986
0.108143,339,50.1424
0.109648,340,44.9522
0.111173,341,48.847
0.11272,342,53.3983
0.114288,343,51.7259
0.115878,344,42.2066
0.11749,345,48.8992
0.119124,346,49.0775
0.120781,347,53.748
0.122462,348,48.6927
0.124165,349,45.9177
0.125893,350,53.2138
0.127644,351,49.3596
0.12942,352,42.5668
0.13122,353,44.1111
0.133045,354,50.0929
0.134896,355,47.4934
0.136773,356,44.1337
0.138676,357,52.8873
0.140605,358,47.6223
0.142561,359,50.098
0.144544,360,44.9283
0.146555,361,50.9337
0.148594,362,38.6696
0.150661,363,56.001
0.152757,364,42.8735
0.154882,365,42.5451
0.157036,366,50.0152
0.159221,367,43.5938
0.161436,368,52.2832
0.163682,369,47.8214
0.165959,370,43.1408
0.168267,371,43.8498
0.170608,372,50.7423
0.172982,373,48.6292
0.175388,374,50.2875
0.177828,375,43.3365
0.180302,376,51.1241
0.18281,377,49.2952
0.185353,378,50.3355
0.187932,379,53.373
0.190546,380,47.6743
0.193197,381,46.4268
0.195884,382,46.5448
0.198609,383,41.2446
0.201372,384,48.1566
0.204174,385,47.36
0.207014,386,54.8202
0.209894,387,50.3547
0.212814,388,39.0693
0.215774,389,44.776
0.218776,390,45.0988
0.22182,391,47.1328
0.224905,392,49.4134
0.228034,393,44.8105
0.231206,394,43.1723
0.234423,395,42.4013
0.237684,396,48.1388
0.240991,397,45.8269
0.244343,398,48.5057
0.247742,399,45.0169
0.251189,400,43.8749
0.254683,401,50.6118
0.258226,402,48.2164
0.261818,403,44.3847
0.265461,404,47.426
0.269153,405,48.0268
0.272898,406,51.2924
0.276694,407,44.6401
0.280543,408,46.4005
0.284446,409,43.0565
0.288403,410,49.6698
0.292415,411,55.1871
0.296483,412,44.852
0.300608,413,41.0423
0.304789,414,36.8008
0.30903,415,53.5637
0.313329,416,49.0399
0.317687,417,39.5535
0.322107,418,43.1454
0.326588,419,40.7249
0.331131,420,39.8589
0.335738,421,50.7213
0.340408,422,44.9617
0.345144,423,41.8781
0.349945,424,50.9461
0.354813,425,45.015
0.359749,426,45.298
0.364754,427,48.328
0.369828,428,44.4549
0.374973,429,44.0174
0.380189,430,37.0689
0.385478,431,41.5197
0.390841,432,45.5812
0.396278,433,41.9561
0.401791,434,45.9856
0.40738,435,44.7971
0.413048,436,44.8567
0.418794,437,42.9909
0.42462,438,42.34
0.430527,439,45.7402
0.436516,440,39.3197
0.442588,441,42.01
0.448745,442,49.7575
0.454988,443,44.5098
0.461318,444,44.0916
0.467735,445,43.846
0.474242,446,46.4922
0.480839,447,46.1335
0.487528,448,41.8864
0.494311,449,39.7168
0.501187,450,51.2653
0.508159,451,42.2258
0.515229,452,41.5253
0.522396,453,46.2614
0.529663,454,45.3861
0.537032,455,43.549
0.544503,456,34.7273
0.552077,457,36.2659
0.559758,458,41.486
0.567545,459,33.1842
0.57544,460,42.2925
0.583445,461,39.3182
0.591562,462,45.249
0.599791,463,45.7268
0.608135,464,43.4514
0.616595,465,40.8554
0.625173,466,43.1605
0.63387,467,34.679
0.642688,468,37.1112
0.651628,469,41.8002
0.660693,470,38.4708
0.669885,471,40.7027
0.679204,472,33.5588
0.688652,473,30.9349
0.698232,474,37.6822
0.707946,475,33.547
0.717794,476,33.3941
0.72778,477,31.8497
0.737904,478,36.7621
0.74817,479,32.9156
0.758578,480,37.6016
0.76913,481,37.8851
0.77983,482,39.8902
0.790679,483,31.0774
0.801678,484,33.7454
0.812831,485,32.6701
0.824138,486,39.4643
0.835603,487,36.454
0.847227,488,37.4473
0.859014,489,35.202
0.870964,490,27.2022
0.88308,491,27.0948
0.895365,492,32.6784
0.907821,493,33.6182
0.92045,494,35.3093
0.933254,495,34.4877
0.946237,496,30.2144
0.959401,497,28.5998
0.972747,498,36.6173
0.986279,499,29.9504
1,500,32.4774
1.01391,501,31.5408
1.02802,502,28.6358
1.04232,503,33.4781
1.05682,504,34.0378
1.07152,505,27.4847
1.08643,506,31.0343
1.10154,507,26.9675
1.11686,508,33.8048
1.1324,509,35.9873
1.14815,510,32.3529
1.16413,511,31.4649
1.18032,512,33.4027
1.19674,513,34.8976
1.21339,514,24.9098
1.23027,515,23.6087
1.24738,516,22.5746
1.26474,517,24.6069
1.28233,518,26.0562
1.30017,519,26.8379
1.31826,520,24.26
1.3366,521,17.2047
1.35519,522,22.634
1.37404,523,25.3174
1.39316,524,25.9017
1.41254,525,25.5732
1.43219,526,27.7613
1.45211,527,36.7136
1.47231,528,22.5686
1.49279,529,21.8151
1.51356,530,22.7025
1.53462,531,21.6326
1.55597,532,29.8369
1.57761,533,28.4155
1.59956,534,23.8866
1.62181,535,26.485
1.64437,536,29.9373
1.66725,537,25.5274
1.69044,538,23.2792
1.71396,539,22.5431
1.7378,540,19.8625
1.76198,541,19.1278
1.78649,542,25.16
1.81134,543,20.2404
1.83654,544,23.749
1.86209,545,23.6986
1.88799,546,19.4856
1.91426,547,18.2665
1.94089,548,21.4667
1.96789,549,21.7092
1.99526,550,21.6856
2.02302,551,24.123
2.05116,552,22.8795
2.0797,553,22.7922
2.10863,554,20.8192
2.13796,555,23.6329
2.1677,556,23.5087
2.19786,557,27.1301
2.22844,558,23.8763
2.25944,559,20.4178
2.29087,560,19.601
2.32274,561,18.6295
2.35505,562,17.1615
2.38781,563,17.7416
2.42103,564,17.5436
2.45471,565,18.4233
2.48886,566,16.3044
2.52348,567,16.4386
2.55859,568,16.6945
2.59418,569,18.0492
2.63027,570,19.1979
2.66686,571,17.5835
2.70396,572,15.5646
2.74157,573,14.9814
2.77971,574,12.4606
2.81838,575,12.143
2.85759,576,11.5681
2.89734,577,14.9933
2.93765,578,15.0156
2.97852,579,13.6428
3.01995,580,15.7036
3.06196,581,17.7889
3.10456,582,11.8923
3.14775,583,13.0258
3.19154,584,12.3545
3.23594,585,11.4716
3.28095,586,11.1497
3.3266,587,12.0009
3.37287,588,11.4571
3.41979,589,11.4821
3.46737,590,12.919
3.5156,591,12.2506
3.56451,592,12.8565
3.6141,593,12.581
3.66438,594,11.538
3.71535,595,10.823
3.76704,596,10.1683
3.81944,597,10.9503
3.87258,598,10.6443
3.92645,599,10.4553
3.98107,600,10.7064
4.03645,601,11.3549
4.09261,602,11.159
4.14954,603,10.045
4.20727,604,9.86598
4.2658,605,9.41741
4.32514,606,9.41564
4.38531,607,9.28892
4.44631,608,9.10892
4.50817,609,10.1762
4.57088,610,10.1221
4.63447,611,9.4972
4.69894,612,9.66163
4.76431,613,8.63199
4.83059,614,9.27595
4.89779,615,8.90179
4.96592,616,9.34148
5.03501,617,9.83798
5.10505,618,8.5796
5.17607,619,9.49205
5.24807,620,9.09486
5.32108,621,9.89853
5.39511,622,9.92147
5.47016,623,9.67357
5.54626,624,9.69276
5.62341,625,9.42868
5.70164,626,8.6554
5.78096,627,8.5018
5.86138,628,8.66797
5.94292,629,8.72042
6.0256,630,9.01373
6.10942,631,8.98506
6.19441,632,8.86724
6.28058,633,8.82935
6.36796,634,9.45005
6.45654,635,9.28113
6.54636,636,9.95517
6.63743,637,9.56409
6.72977,638,9.29162
6.82339,639,9.14456
6.91831,640,8.93443
7.01455,641,9.23754
7.11214,642,9.09365
7.21107,643,9.37397
7.31139,644,10.2804
7.4131,645,9.8974
7.51623,646,10.0172
7.62079,647,9.96072
7.72681,648,10.1411
7.8343,649,10.489
7.94328,650,10.4109
8.05378,651,10.6119
8.16582,652,10.3245
8.27942,653,9.01213
8.3946,654,9.1215
8.51138,655,8.83823
8.62979,656,8.5718
8.74984,657,8.56331
8.87156,658,8.61068
8.99498,659,8.42721
9.12011,660,8.50372
9.24698,661,8.30429
9.37562,662,8.42908
9.50605,663,8.49238
9.63829,664,8.49238
9.77237,665,8.79713
9.90832,666,8.82036
10.0462,667,8.79311
10.1859,668,8.56934
10.3276,669,8.75863
10.4713,670,8.76767
10.617,671,8.45653
10.7647,672,8.47934
10.9144,673,9.04637
11.0662,674,8.5951
11.2202,675,8.48901
11.3763,676,8.48901
11.5345,677,8.47604
11.695,678,8.47604
11.8577,679,8.33994
12.0226,680,8.32244
12.1899,681,8.33259
12.3595,682,8.40909
12.5314,683,8.15316
12.7057,684,8.09868
12.8825,685,8.11786
13.0617,686,8.14834
13.2434,687,8.13084
13.4276,688,8.13819
13.6144,689,8.1015
13.8038,690,8.13638
13.9959,691,8.1015
14.1906,692,8.04212
14.388,693,8.68475
14.5881,694,8.68475
14.7911,695,8.61475
14.9968,696,8.37499
15.2055,697,8.41207
15.417,698,8.37767
15.6315,699,8.6601
15.8489,700,8.21788
16.0694,701,8.24775
16.293,702,8.23538
16.5196,703,8.21225
16.7494,704,8.26023
16.9824,705,8.28275
17.2187,706,8.28252
17.4582,707,8.20647
17.7011,708,8.20647
17.9473,709,8.19374
18.197,710,8.19374
18.4502,711,8.19374
18.7068,712,8.19374
18.9671,713,8.17623
19.2309,714,8.27026
19.4984,715,8.25456
19.7697,716,8.24159
20.0447,717,8.29905
20.3236,718,8.29905
20.6063,719,8.26562
20.893,720,8.26562
21.1836,721,8.1064
21.4783,722,8.1064
21.7771,723,8.1064
22.08,724,8.00108
22.3872,725,8.23678
22.6986,726,8.26665
23.0144,727,8.24915
23.3346,728,8.19038
23.6592,729,8.23087
23.9883,730,8.30752
24.322,731,8.29737
24.6604,732,8.31487
25.0035,733,8.31487
25.3513,734,8.23823
25.704,735,8.23823
26.0615,736,8.19275
26.4241,737,8.22262
26.7917,738,8.19038
27.1644,739,8.00108
27.5423,740,8.01123
27.9254,741,8.00108
28.3139,742,8.01406
28.7078,743,8.06191
29.1072,744,8.06191
29.5121,745,8.06191
29.9226,746,8.03143
30.3389,747,8.03143
30.761,748,8.03143
31.1889,749,8.03143
31.6228,750,8.04894
32.0627,751,8.09178
32.5087,752,8.03096
32.961,753,8.03096
33.4195,754,8.04111
33.8844,755,8.03096
34.3558,756,8.01345
34.8337,757,8.10675
35.3183,758,8.10675
35.8096,759,8.10675
36.3078,760,8.0236
36.8129,761,8.01345
37.325,762,8.01345
37.8443,763,8.0236
38.3707,764,8.08751
38.9045,765,8.07736
39.4457,766,8.07736
39.9945,767,8.00108
40.5509,768,8.01406
41.115,769,8.01406
41.6869,770,8.00108
42.2669,771,8.01123
42.8549,772,8.01123
43.451,773,8.02421
44.0555,774,8.02421
44.6684,775,8.0067
45.2898,776,8.0067
45.9198,777,8.0067
46.5586,778,7.99656
47.2063,779,7.99656
47.863,780,8.02643
48.5289,781,7.99656
49.204,782,7.99656
49.8884,783,8.03537
50.5825,784,8.0236
51.2861,785,8.01345
51.9996,786,8.01345
52.723,787,8.00108
53.4564,788,8.00108
54.2001,789,8.01123
54.9541,790,7.99373
55.7186,791,7.99373
56.4937,792,7.98358
57.2796,793,7.98358
58.0764,794,7.99656
58.8844,795,7.99656
59.7035,796,8.01406
60.5341,797,7.99656
61.3762,798,7.98358
62.23,799,7.98358
