0.001,0,52.7091
0.002,1,49.5353
0.009,2,45.8246
0.028,3,55.5331
0.065,4,53.0076
0.126,5,52.181
0.217,6,44.0565
0.344,7,36.2639
0.513,8,33.3812
0.73,9,32.0582
1.001,10,22.2949
1.332,11,28.1289
1.729,12,22.1426
2.198,13,23.1554
2.745,14,21.3415
3.376,15,18.1418
4.097,16,18.2493
4.914,17,16.279
5.833,18,14.1746
6.86,19,14.7021
8.001,20,14.2772
9.262,21,12.2347
10.649,22,11.441
12.168,23,10.7061
13.825,24,10.1017
15.626,25,8.53921
17.577,26,8.17815
19.684,27,8.10187
21.953,28,8.10187
24.39,29,8.14972
27.001,30,8.14828
29.792,31,8.10187
32.769,32,8.0732
35.938,33,8.0067
39.305,34,8.0067
42.876,35,8.01123
46.657,36,7.99373
50.654,37,7.99373
54.873,38,8.04158
59.32,39,8.04158
64.001,40,7.99373
68.922,41,7.99373
74.089,42,7.99373
79.508,43,7.98358
85.185,44,7.98358
91.126,45,7.98358
97.337,46,7.98358
103.824,47,7.98358
110.593,48,7.98358
117.65,49,7.98358
125.001,50,7.98358
132.652,51,7.99656
140.609,52,7.98358
148.878,53,7.98358
157.465,54,7.98358
166.376,55,7.98358
175.617,56,7.98358
185.194,57,7.98358
195.113,58,7.98358
205.38,59,7.98358
216.001,60,7.98358
226.982,61,7.98358
238.329,62,7.98358
250.048,63,7.98358
262.145,64,7.98358
274.626,65,7.98358
287.497,66,7.99373
300.764,67,7.99373
314.433,68,7.99373
328.51,69,7.99373
343.001,70,7.99373
357.912,71,7.99373
373.249,72,7.99373
389.018,73,7.99373
405.225,74,7.99373
421.876,75,7.98358
438.977,76,7.98358
456.534,77,7.98358
474.553,78,7.98358
493.04,79,7.98358
512.001,80,7.98358
531.442,81,7.98358
551.369,82,7.98358
571.788,83,7.98358
592.705,84,7.98358
614.126,85,7.98358
636.057,86,7.98358
658.504,87,7.98358
681.473,88,7.98358
704.97,89,7.98358
729.001,90,7.98358
753.572,91,7.98358
778.689,92,7.98358
804.358,93,7.98358
830.585,94,7.98358
857.376,95,7.98358
884.737,96,7.98358
912.674,97,7.98358
941.193,98,7.98358
970.3,99,7.98358
1000,100,7.98358
1030.3,101,7.98358
1061.21,102,7.98358
1092.73,103,7.98358
1124.87,104,7.98358
1157.63,105,7.98358
1191.02,106,7.98358
1225.04,107,7.98358
1259.71,108,7.98358
1295.03,109,7.98358
1331,110,7.98358
1367.63,111,7.98358
1404.93,112,7.98358
1442.9,113,7.98358
1481.55,114,7.98358
1520.88,115,7.98358
1560.9,116,7.98358
1601.61,117,7.98358
1643.03,118,7.98358
1685.16,119,7.98358
1728,120,7.98358
1771.56,121,7.98358
1815.85,122,7.98358
1860.87,123,7.98358
1906.62,124,7.98358
1953.13,125,7.98358
2000.38,126,7.98358
2048.38,127,7.98358
2097.15,128,7.98358
2146.69,129,7.98358
2197,130,7.98358
2248.09,131,7.98358
2299.97,132,7.98358
2352.64,133,7.98358
2406.11,134,7.98358
2460.38,135,7.98358
2515.46,136,7.98358
2571.35,137,7.98358
2628.07,138,7.98358
2685.62,139,7.98358
2744,140,7.98358
2803.22,141,7.98358
2863.29,142,7.98358
2924.21,143,7.98358
2985.99,144,7.98358
3048.63,145,7.98358
3112.14,146,7.98358
3176.52,147,7.98358
3241.79,148,7.98358
3307.95,149,7.98358
3375,150,7.98358
3442.95,151,7.98358
3511.81,152,7.98358
3581.58,153,7.98358
3652.27,154,7.98358
3723.88,155,7.98358
3796.42,156,7.98358
3869.89,157,7.98358
3944.31,158,7.98358
4019.68,159,7.98358
4096,160,7.98358
4173.28,161,7.98358
4251.53,162,7.98358
4330.75,163,7.98358
4410.95,164,7.98358
4492.13,165,7.98358
4574.3,166,7.98358
4657.46,167,7.98358
4741.63,168,7.98358
4826.81,169,7.98358
4913,170,7.98358
5000.21,171,7.98358
5088.45,172,7.98358
5177.72,173,7.98358
5268.03,174,7.98358
5359.38,175,7.98358
5451.78,176,7.98358
5545.23,177,7.98358
5639.75,178,7.98358
5735.34,179,7.98358
5832,180,7.98358
5929.74,181,7.98358
6028.57,182,7.98358
6128.49,183,7.98358
6229.51,184,7.98358
6331.63,185,7.98358
6434.86,186,7.98358
6539.2,187,7.98358
6644.67,188,7.98358
6751.27,189,7.98358
6859,190,7.98358
6967.87,191,7.98358
7077.89,192,7.98358
7189.06,193,7.98358
7301.39,194,7.98358
7414.88,195,7.98358
7529.54,196,7.98358
7645.37,197,7.98358
7762.39,198,7.98358
7880.6,199,7.98358
8000,200,7.98358
8120.6,201,7.98358
8242.41,202,7.98358
8365.43,203,7.98358
8489.67,204,7.98358
8615.13,205,7.98358
8741.82,206,7.98358
8869.74,207,7.98358
8998.91,208,7.98358
9129.33,209,7.98358
9261,210,7.98358
9393.93,211,7.98358
9528.13,212,7.98358
9663.6,213,7.98358
9800.34,214,7.98358
9938.38,215,7.98358
10077.7,216,7.98358
10218.3,217,7.98358
10360.2,218,7.98358
10503.5,219,7.98358
10648,220,7.98358
10793.9,221,7.98358
10941,222,7.98358
11089.6,223,7.98358
11239.4,224,7.98358
11390.6,225,7.98358
11543.2,226,7.98358
11697.1,227,7.98358
11852.4,228,7.98358
12009,229,7.98358
12167,230,7.98358
12326.4,231,7.98358
12487.2,232,7.98358
12649.3,233,7.98358
12812.9,234,7.98358
12977.9,235,7.98358
13144.3,236,7.98358
13312.1,237,7.98358
13481.3,238,7.98358
13651.9,239,7.98358
13824,240,7.98358
13997.5,241,7.98358
14172.5,242,7.98358
14348.9,243,7.98358
14526.8,244,7.98358
14706.1,245,7.98358
14886.9,246,7.98358
15069.2,247,7.98358
15253,248,7.98358
15438.2,249,7.98358
15625,250,7.98358
15813.3,251,7.98358
16003,252,7.98358
16194.3,253,7.98358
16387.1,254,7.98358
16581.4,255,7.98358
16777.2,256,7.98358
16974.6,257,7.98358
17173.5,258,7.98358
17374,259,7.98358
17576,260,7.98358
17779.6,261,7.98358
17984.7,262,7.98358
18191.4,263,7.98358
18399.7,264,7.98358
18609.6,265,7.98358
18821.1,266,7.98358
19034.2,267,7.98358
19248.8,268,7.98358
19465.1,269,7.98358
19683,270,7.98358
19902.5,271,7.98358
20123.6,272,7.98358
20346.4,273,7.98358
20570.8,274,7.98358
20796.9,275,7.98358
21024.6,276,7.98358
21253.9,277,7.98358
21485,278,7.98358
21717.6,279,7.98358
21952,280,7.98358
22188,281,7.98358
22425.8,282,7.98358
22665.2,283,7.98358
22906.3,284,7.98358
23149.1,285,7.98358
23393.7,286,7.98358
23639.9,287,7.98358
23887.9,288,7.98358
24137.6,289,7.98358
24389,290,7.98358
24642.2,291,7.98358
24897.1,292,7.98358
25153.8,293,7.98358
25412.2,294,7.98358
25672.4,295,7.98358
25934.3,296,7.98358
26198.1,297,7.98358
26463.6,298,7.98358
26730.9,299,7.98358
27000,300,7.98358
27270.9,301,7.98358
27543.6,302,7.98358
27818.1,303,7.98358
28094.5,304,7.98358
28372.6,305,7.98358
28652.6,306,7.98358
28934.4,307,7.98358
29218.1,308,7.98358
29503.6,309,7.98358
29791,310,7.98358
30080.2,311,7.98358
30371.3,312,7.98358
30664.3,313,7.98358
30959.1,314,7.98358
31255.9,315,7.98358
31554.5,316,7.98358
31855,317,7.98358
32157.4,318,7.98358
32461.8,319,7.98358
32768,320,7.98358
33076.2,321,7.98358
33386.2,322,7.98358
33698.3,323,7.98358
34012.2,324,7.98358
34328.1,325,7.98358
34646,326,7.98358
34965.8,327,7.98358
35287.6,328,7.98358
35611.3,329,7.98358
35937,330,7.98358
36264.7,331,7.98358
36594.4,332,7.98358
36926,333,7.98358
37259.7,334,7.98358
37595.4,335,7.98358
37933.1,336,7.98358
38272.8,337,7.98358
38614.5,338,7.98358
38958.2,339,7.98358
39304,340,7.98358
39651.8,341,7.98358
40001.7,342,7.98358
40353.6,343,7.98358
40707.6,344,7.98358
41063.6,345,7.98358
41421.7,346,7.98358
41781.9,347,7.98358
42144.2,348,7.98358
42508.6,349,7.98358
42875,350,7.98358
43243.6,351,7.98358
43614.2,352,7.98358
43987,353,7.98358
44361.9,354,7.98358
44738.9,355,7.98358
45118,356,7.98358
45499.3,357,7.98358
45882.7,358,7.98358
46268.3,359,7.98358
46656,360,7.98358
47045.9,361,7.98358
47437.9,362,7.98358
47832.1,363,7.98358
48228.5,364,7.98358
48627.1,365,7.98358
49027.9,366,7.98358
49430.9,367,7.98358
49836,368,7.98358
50243.4,369,7.98358
50653,370,7.98358
51064.8,371,7.98358
51478.8,372,7.98358
51895.1,373,7.98358
52313.6,374,7.98358
52734.4,375,7.98358
53157.4,376,7.98358
53582.6,377,7.98358
54010.2,378,7.98358
54439.9,379,7.98358
54872,380,7.98358
55306.3,381,7.98358
55743,382,7.98358
56181.9,383,7.98358
56623.1,384,7.98358
57066.6,385,7.98358
57512.5,386,7.98358
57960.6,387,7.98358
58411.1,388,7.98358
58863.9,389,7.98358
59319,390,7.98358
59776.5,391,7.98358
60236.3,392,7.98358
60698.5,393,7.98358
61163,394,7.98358
61629.9,395,7.98358
62099.1,396,7.98358
62570.8,397,7.98358
63044.8,398,7.98358
63521.2,399,7.98358
64000,400,7.98358
64481.2,401,7.98358
64964.8,402,7.98358
65450.8,403,7.98358
65939.3,404,7.98358
66430.1,405,7.98358
66923.4,406,7.98358
67419.1,407,7.98358
67917.3,408,7.98358
68417.9,409,7.98358
68921,410,7.98358
69426.5,411,7.98358
69934.5,412,7.98358
70445,413,7.98358
70957.9,414,7.98358
71473.4,415,7.98358
71991.3,416,7.98358
72511.7,417,7.98358
73034.6,418,7.98358
73560.1,419,7.98358
74088,420,7.98358
74618.5,421,7.98358
75151.4,422,7.98358
75687,423,7.98358
76225,424,7.98358
76765.6,425,7.98358
77308.8,426,7.98358
77854.5,427,7.98358
78402.8,428,7.98358
78953.6,429,7.98358
79507,430,7.98358
80063,431,7.98358
80621.6,432,7.98358
81182.7,433,7.98358
81746.5,434,7.98358
82312.9,435,7.98358
82881.9,436,7.98358
83453.5,437,7.98358
84027.7,438,7.98358
84604.5,439,7.98358
85184,440,7.98358
85766.1,441,7.98358
86350.9,442,7.98358
86938.3,443,7.98358
87528.4,444,7.98358
88121.1,445,7.98358
88716.5,446,7.98358
89314.6,447,7.98358
89915.4,448,7.98358
90518.9,449,7.98358
91125,450,7.98358
91733.9,451,7.98358
92345.4,452,7.98358
92959.7,453,7.98358
93576.7,454,7.98358
94196.4,455,7.98358
94818.8,456,7.98358
95444,457,7.98358
96071.9,458,7.98358
96702.6,459,7.98358
97336,460,7.98358
97972.2,461,7.98358
98611.1,462,7.98358
99252.8,463,7.98358
99897.3,464,7.98358
100545,465,7.98358
101195,466,7.98358
101848,467,7.98358
102503,468,7.98358
103162,469,7.98358
103823,470,7.98358
104487,471,7.98358
105154,472,7.98358
105824,473,7.98358
106496,474,7.98358
107172,475,7.98358
107850,476,7.98358
108531,477,7.98358
109215,478,7.98358
109902,479,7.98358
110592,480,7.98358
111285,481,7.98358
111980,482,7.98358
112679,483,7.98358
113380,484,7.98358
114084,485,7.98358
114791,486,7.98358
115501,487,7.98358
116214,488,7.98358
116930,489,7.98358
117649,490,7.98358
118371,491,7.98358
119095,492,7.98358
119823,493,7.98358
120554,494,7.98358
121287,495,7.98358
122024,496,7.98358
122763,497,7.98358
123506,498,7.98358
124252,499,7.98358
125000,500,7.98358
125752,501,7.98358
126506,502,7.98358
127264,503,7.98358
128024,504,7.98358
128788,505,7.98358
129554,506,7.98358
130324,507,7.98358
131097,508,7.98358
131872,509,7.98358
132651,510,7.98358
133433,511,7.98358
134218,512,7.98358
135006,513,7.98358
135797,514,7.98358
136591,515,7.98358
137388,516,7.98358
138188,517,7.98358
138992,518,7.98358
139798,519,7.98358
140608,520,7.98358
141421,521,7.98358
142237,522,7.98358
143056,523,7.98358
143878,524,7.98358
144703,525,7.98358
145532,526,7.98358
146363,527,7.98358
147198,528,7.98358
148036,529,7.98358
148877,530,7.98358
149721,531,7.98358
150569,532,7.98358
151419,533,7.98358
152273,534,7.98358
153130,535,7.98358
153991,536,7.98358
154854,537,7.98358
155721,538,7.98358
156591,539,7.98358
157464,540,7.98358
158340,541,7.98358
159220,542,7.98358
160103,543,7.98358
160989,544,7.98358
161879,545,7.98358
162771,546,7.98358
163667,547,7.98358
164567,548,7.98358
165469,549,7.98358
166375,550,7.98358
167284,551,7.98358
168197,552,7.98358
169112,553,7.98358
170031,554,7.98358
170954,555,7.98358
171880,556,7.98358
172809,557,7.98358
173741,558,7.98358
174677,559,7.98358
175616,560,7.98358
176558,561,7.98358
177504,562,7.98358
178454,563,7.98358
179406,564,7.98358
180362,565,7.98358
181321,566,7.98358
182284,567,7.98358
183250,568,7.98358
184220,569,7.98358
185193,570,7.98358
186169,571,7.98358
187149,572,7.98358
188133,573,7.98358
189119,574,7.98358
190109,575,7.98358
191103,576,7.98358
192100,577,7.98358
193101,578,7.98358
194105,579,7.98358
195112,580,7.98358
196123,581,7.98358
197137,582,7.98358
198155,583,7.98358
199177,584,7.98358
200202,585,7.98358
201230,586,7.98358
202262,587,7.98358
203297,588,7.98358
204336,589,7.98358
205379,590,7.98358
206425,591,7.98358
207475,592,7.98358
208528,593,7.98358
209585,594,7.98358
210645,595,7.98358
211709,596,7.98358
212776,597,7.98358
213847,598,7.98358
214922,599,7.98358
216000,600,7.98358
217082,601,7.98358
218167,602,7.98358
219256,603,7.98358
220349,604,7.98358
221445,605,7.98358
222545,606,7.98358
223649,607,7.98358
224756,608,7.98358
225867,609,7.98358
226981,610,7.98358
228099,611,7.98358
229221,612,7.98358
230346,613,7.98358
231476,614,7.98358
232608,615,7.98358
233745,616,7.98358
234885,617,7.98358
236029,618,7.98358
237177,619,7.98358
238328,620,7.98358
239483,621,7.98358
240642,622,7.98358
241804,623,7.98358
242971,624,7.98358
244141,625,7.98358
245314,626,7.98358
246492,627,7.98358
247673,628,7.98358
248858,629,7.98358
250047,630,7.98358
251240,631,7.98358
252436,632,7.98358
253636,633,7.98358
254840,634,7.98358
256048,635,7.98358
257259,636,7.98358
258475,637,7.98358
259694,638,7.98358
260917,639,7.98358
262144,640,7.98358
263375,641,7.98358
264609,642,7.98358
265848,643,7.98358
267090,644,7.98358
268336,645,7.98358
269586,646,7.98358
270840,647,7.98358
272098,648,7.98358
273359,649,7.98358
274625,650,7.98358
275894,651,7.98358
277168,652,7.98358
278445,653,7.98358
279726,654,7.98358
281011,655,7.98358
282300,656,7.98358
283593,657,7.98358
284890,658,7.98358
286191,659,7.98358
287496,660,7.98358
288805,661,7.98358
290118,662,7.98358
291434,663,7.98358
292755,664,7.98358
294080,665,7.98358
295408,666,7.98358
296741,667,7.98358
298078,668,7.98358
299418,669,7.98358
300763,670,7.98358
302112,671,7.98358
303464,672,7.98358
304821,673,7.98358
306182,674,7.98358
307547,675,7.98358
308916,676,7.98358
310289,677,7.98358
311666,678,7.98358
313047,679,7.98358
314432,680,7.98358
315821,681,7.98358
317215,682,7.98358
318612,683,7.98358
320014,684,7.98358
321419,685,7.98358
322829,686,7.98358
324243,687,7.98358
325661,688,7.98358
327083,689,7.98358
328509,690,7.98358
329939,691,7.98358
331374,692,7.98358
332813,693,7.98358
334255,694,7.98358
335702,695,7.98358
337154,696,7.98358
338609,697,7.98358
340068,698,7.98358
341532,699,7.98358
343000,700,7.98358
344472,701,7.98358
345948,702,7.98358
347429,703,7.98358
348914,704,7.98358
350403,705,7.98358
351896,706,7.98358
353393,707,7.98358
354895,708,7.98358
356401,709,7.98358
357911,710,7.98358
359425,711,7.98358
360944,712,7.98358
362467,713,7.98358
363994,714,7.98358
365526,715,7.98358
367062,716,7.98358
368602,717,7.98358
370146,718,7.98358
371695,719,7.98358
373248,720,7.98358
374805,721,7.98358
376367,722,7.98358
377933,723,7.98358
379503,724,7.98358
381078,725,7.98358
382657,726,7.98358
384241,727,7.98358
385828,728,7.98358
387420,729,7.98358
389017,730,7.98358
390618,731,7.98358
392223,732,7.98358
393833,733,7.98358
395447,734,7.98358
397065,735,7.98358
398688,736,7.98358
400316,737,7.98358
401947,738,7.98358
403583,739,7.98358
405224,740,7.98358
406869,741,7.98358
408518,742,7.98358
410172,743,7.98358
411831,744,7.98358
413494,745,7.98358
415161,746,7.98358
416833,747,7.98358
418509,748,7.98358
420190,749,7.98358
421875,750,7.98358
423565,751,7.98358
425259,752,7.98358
426958,753,7.98358
428661,754,7.98358
430369,755,7.98358
432081,756,7.98358
433798,757,7.98358
435520,758,7.98358
437245,759,7.98358
438976,760,7.98358
440711,761,7.98358
442451,762,7.98358
444195,763,7.98358
445944,764,7.98358
447697,765,7.98358
449455,766,7.98358
451218,767,7.98358
452985,768,7.98358
454757,769,7.98358
456533,770,7.98358
458314,771,7.98358
460100,772,7.98358
461890,773,7.98358
463685,774,7.98358
465484,775,7.98358
467289,776,7.98358
469097,777,7.98358
470911,778,7.98358
472729,779,7.98358
474552,780,7.98358
476380,781,7.98358
478212,782,7.98358
480049,783,7.98358
481890,784,7.98358
483737,785,7.98358
485588,786,7.98358
487443,787,7.98358
489304,788,7.98358
491169,789,7.98358
493039,790,7.98358
494914,791,7.98358
496793,792,7.98358
498677,793,7.98358
500566,794,7.98358
502460,795,7.98358
504358,796,7.98358
506262,797,7.98358
508170,798,7.98358
510082,799,7.98358
