0.001,0,52.7091
0.002,1,49.5353
0.005,2,57.6068
0.01,3,48.466
0.017,4,48.2328
0.026,5,47.9092
0.037,6,47.4232
0.05,7,58.5297
0.065,8,44.5913
0.082,9,53.8139
0.101,10,55.1519
0.122,11,49.2948
0.145,12,46.6778
0.17,13,41.2928
0.197,14,41.3658
0.226,15,57.9328
0.257,16,56.7809
0.29,17,53.124
0.325,18,42.0605
0.362,19,39.2316
0.401,20,41.6667
0.442,21,39.1001
0.485,22,38.6216
0.53,23,49.2352
0.577,24,42.4258
0.626,25,43.5765
0.677,26,38.0869
0.73,27,42.5247
0.785,28,36.8663
0.842,29,34.6216
0.901,30,36.4899
0.962,31,31.8302
1.025,32,35.9196
1.09,33,35.3404
1.157,34,29.3715
1.226,35,26.5557
1.297,36,27.4278
1.37,37,22.3562
1.445,38,25.1908
1.522,39,27.2474
1.601,40,27.2199
1.682,41,25.3012
1.765,42,23.1034
1.85,43,20.2168
1.937,44,21.2609
2.026,45,20.6156
2.117,46,18.32
2.21,47,15.7998
2.305,48,14.5078
2.402,49,16.5673
2.501,50,16.1805
2.602,51,14.4638
2.705,52,13.441
2.81,53,13.314
2.917,54,12.691
3.026,55,11.8815
3.137,56,12.6156
3.25,57,11.1039
3.365,58,11.5712
3.482,59,12.0442
3.601,60,12.3349
3.722,61,12.6656
3.845,62,12.79
3.97,63,13.2255
4.097,64,13.2867
4.226,65,13.8122
4.357,66,14.1592
4.49,67,11.5875
4.625,68,12.8415
4.762,69,14.0436
4.901,70,11.5127
5.042,71,11.1167
5.185,72,10.6965
5.33,73,11.1646
5.477,74,11.1138
5.626,75,10.9593
5.777,76,10.7762
5.93,77,9.32237
6.085,78,8.88215
6.242,79,8.64495
6.401,80,8.61665
6.562,81,8.84062
6.725,82,9.84299
6.89,83,9.43995
7.057,84,9.09588
7.226,85,8.88504
7.397,86,8.86001
7.57,87,8.5569
7.745,88,8.77485
7.922,89,8.77485
8.101,90,8.96751
8.282,91,9.23636
8.465,92,8.58981
8.65,93,8.54484
8.837,94,8.68948
9.026,95,8.51311
9.217,96,8.38436
9.41,97,8.42111
9.605,98,8.40421
9.802,99,8.60899
10.001,100,8.61
10.202,101,8.59932
10.405,102,8.40322
10.61,103,8.45828
10.817,104,8.48726
11.026,105,8.41098
11.237,106,8.48726
11.45,107,8.42872
11.665,108,8.46843
11.882,109,8.28448
12.101,110,8.30199
12.322,111,8.30547
12.545,112,8.2768
12.77,113,8.04111
12.997,114,8.0236
13.226,115,8.17211
13.457,116,8.34389
13.69,117,8.34389
13.925,118,8.5264
14.162,119,8.35008
14.401,120,8.3659
14.642,121,8.39457
14.885,122,8.42123
15.13,123,8.4047
15.377,124,8.5872
15.626,125,8.5727
15.877,126,8.49605
16.13,127,8.28925
16.385,128,8.41207
16.642,129,8.11411
16.901,130,8.11411
17.162,131,8.16051
17.425,132,8.36232
17.69,133,8.38514
17.957,134,8.30886
18.226,135,8.17103
18.497,136,8.16088
18.77,137,8.17103
19.045,138,8.16088
19.322,139,8.10736
19.601,140,8.10736
19.882,141,8.1129
20.165,142,8.10555
20.45,143,8.11852
20.737,144,8.11852
21.026,145,8.11852
21.317,146,8.13603
21.61,147,8.13603
21.905,148,8.10736
22.202,149,8.08985
22.501,150,8.0236
22.802,151,8.0236
23.105,152,8.05227
23.41,153,8.11973
23.717,154,8.11973
24.026,155,8.11973
24.337,156,8.16613
24.65,157,8.02643
24.965,158,8.01345
25.282,159,8.01345
25.601,160,8.05986
25.922,161,8.11313
26.245,162,8.11313
26.57,163,8.20729
26.897,164,8.20873
27.226,165,8.33747
27.557,166,8.24417
27.89,167,8.24417
28.225,168,8.16753
28.562,169,8.14834
28.901,170,8.14834
29.242,171,8.14834
29.585,172,8.19619
29.93,173,8.16585
30.277,174,8.21225
30.626,175,8.21225
30.977,176,8.14834
31.33,177,8.14955
31.685,178,8.01345
32.042,179,8.04212
32.401,180,8.0224
32.762,181,8.0224
33.125,182,8.0399
33.49,183,7.99656
33.857,184,7.99656
34.226,185,7.99656
34.597,186,7.99656
34.97,187,7.99656
35.345,188,8.03537
35.722,189,8.0224
36.101,190,8.0224
36.482,191,8.09904
36.865,192,8.0224
37.25,193,8.01225
37.637,194,7.98358
38.026,195,7.98358
38.417,196,7.98358
38.81,197,7.98358
39.205,198,7.98358
39.602,199,7.98358
40.001,200,7.98358
40.402,201,7.98358
40.805,202,8.02522
41.21,203,8.0797
41.617,204,8.0797
42.026,205,7.99656
42.437,206,8.06023
42.85,207,8.06023
43.265,208,8.06023
43.682,209,8.06023
44.101,210,8.06023
44.522,211,8.06023
44.945,212,8.00108
45.37,213,8.00108
45.797,214,8.0224
46.226,215,8.03537
46.657,216,8.02522
47.09,217,7.99656
47.525,218,8.04296
47.962,219,8.13819
48.401,220,8.13819
48.842,221,8.09178
49.285,222,8.09178
49.73,223,8.09178
50.177,224,8.09178
50.626,225,8.07881
51.077,226,8.08896
51.53,227,8.11763
51.985,228,8.10012
52.442,229,8.10012
52.901,230,8.07025
53.362,231,8.01225
53.825,232,8.03537
54.29,233,8.05865
54.757,234,8.05865
55.226,235,8.05865
55.697,236,8.01225
56.17,237,8.01225
56.645,238,8.01225
57.122,239,8.01225
57.601,240,8.01225
58.082,241,8.02522
58.565,242,8.03537
59.05,243,8.03537
59.537,244,8.03537
60.026,245,8.03537
60.517,246,8.05288
61.01,247,8.02421
61.505,248,7.99373
62.002,249,7.99373
62.501,250,7.99373
63.002,251,7.99373
63.505,252,7.99373
64.01,253,7.99373
64.517,254,7.99373
65.026,255,7.99373
65.537,256,7.98358
66.05,257,7.98358
66.565,258,7.98358
67.082,259,7.99656
67.601,260,7.99656
68.122,261,7.99656
68.645,262,7.99656
69.17,263,7.98358
69.697,264,7.98358
70.226,265,7.98358
70.757,266,7.98358
71.29,267,7.98358
71.825,268,7.99656
72.362,269,7.99656
72.901,270,7.98358
73.442,271,7.98358
73.985,272,7.98358
74.53,273,7.99656
75.077,274,7.99656
75.626,275,7.99656
76.177,276,7.99656
76.73,277,8.01406
77.285,278,8.0726
77.842,279,8.04273
78.401,280,8.04273
78.962,281,8.02522
79.525,282,8.02522
80.09,283,7.99656
80.657,284,7.99656
81.226,285,7.99656
81.797,286,7.98358
82.37,287,7.98358
82.945,288,7.98358
83.522,289,7.99373
84.101,290,7.98358
84.682,291,7.98358
85.265,292,7.98358
85.85,293,7.98358
86.437,294,7.98358
87.026,295,7.98358
87.617,296,7.98358
88.21,297,7.98358
88.805,298,7.98358
89.402,299,7.98358
90.001,300,7.99373
90.602,301,7.98358
91.205,302,7.98358
91.81,303,7.98358
92.417,304,8.00108
93.026,305,8.00108
93.637,306,8.00108
94.25,307,8.00108
94.865,308,8.01123
95.482,309,8.00108
96.101,310,8.00108
96.722,311,8.00108
97.345,312,8.00108
97.97,313,8.03096
98.597,314,8.01345
99.226,315,8.03096
99.857,316,8.03096
100.49,317,8.04111
101.125,318,8.04111
101.762,319,8.03096
102.401,320,8.04749
103.042,321,8.04749
103.685,322,8.02999
104.33,323,7.98358
104.977,324,7.98358
105.626,325,7.98358
106.277,326,7.98358
106.93,327,7.99373
107.585,328,8.0067
108.242,329,8.0067
108.901,330,8.0067
109.562,331,8.0067
110.225,332,8.0067
110.89,333,7.99656
111.557,334,7.99656
112.226,335,8.01406
112.897,336,8.01406
113.57,337,8.00108
114.245,338,8.00108
114.922,339,7.98358
115.601,340,7.98358
116.282,341,8.00108
116.965,342,8.00108
117.65,343,8.00108
118.337,344,8.01406
119.026,345,7.99656
119.717,346,7.98358
120.41,347,7.98358
121.105,348,7.98358
121.802,349,7.98358
122.501,350,7.98358
123.202,351,7.98358
123.905,352,7.98358
124.61,353,7.98358
125.317,354,7.98358
126.026,355,7.98358
126.737,356,7.98358
127.45,357,7.98358
128.165,358,7.98358
128.882,359,7.98358
129.601,360,7.98358
130.322,361,7.99656
131.045,362,7.99656
131.77,363,7.98358
132.497,364,8.00108
133.226,365,8.00108
133.957,366,8.00108
134.69,367,7.98358
135.425,368,7.98358
136.162,369,7.98358
136.901,370,7.98358
137.642,371,7.98358
138.385,372,7.98358
139.13,373,7.98358
139.877,374,7.98358
140.626,375,7.98358
141.377,376,7.98358
142.13,377,7.98358
142.885,378,7.98358
143.642,379,7.98358
144.401,380,7.98358
145.162,381,7.98358
145.925,382,7.98358
146.69,383,7.98358
147.457,384,7.98358
148.226,385,7.98358
148.997,386,7.98358
149.77,387,7.98358
150.545,388,7.98358
151.322,389,7.98358
152.101,390,7.98358
152.882,391,7.98358
153.665,392,7.98358
154.45,393,7.98358
155.237,394,7.98358
156.026,395,8.00108
156.817,396,8.00108
157.61,397,8.01123
158.405,398,8.00108
159.202,399,7.98358
160.001,400,7.98358
160.802,401,7.98358
161.605,402,7.98358
162.41,403,7.98358
163.217,404,7.98358
164.026,405,7.98358
164.837,406,7.98358
165.65,407,7.98358
166.465,408,7.98358
167.282,409,7.98358
168.101,410,7.98358
168.922,411,7.98358
169.745,412,7.98358
170.57,413,7.98358
171.397,414,7.98358
172.226,415,7.98358
173.057,416,7.98358
173.89,417,7.98358
174.725,418,7.98358
175.562,419,7.98358
176.401,420,7.98358
177.242,421,7.98358
178.085,422,7.98358
178.93,423,7.98358
179.777,424,7.98358
180.626,425,7.98358
181.477,426,7.98358
182.33,427,7.98358
183.185,428,7.98358
184.042,429,7.98358
184.901,430,7.98358
185.762,431,7.98358
186.625,432,7.98358
187.49,433,7.98358
188.357,434,7.98358
189.226,435,7.98358
190.097,436,7.98358
190.97,437,7.98358
191.845,438,7.98358
192.722,439,7.98358
193.601,440,7.98358
194.482,441,7.98358
195.365,442,7.98358
196.25,443,7.98358
197.137,444,7.98358
198.026,445,7.98358
198.917,446,7.98358
199.81,447,7.98358
200.705,448,7.98358
201.602,449,7.98358
202.501,450,7.98358
203.402,451,7.98358
204.305,452,7.98358
205.21,453,7.98358
206.117,454,7.98358
207.026,455,7.98358
207.937,456,7.98358
208.85,457,7.98358
209.765,458,7.98358
210.682,459,7.98358
211.601,460,7.98358
212.522,461,7.98358
213.445,462,7.98358
214.37,463,7.98358
215.297,464,7.98358
216.226,465,7.98358
217.157,466,7.98358
218.09,467,7.98358
219.025,468,7.98358
219.962,469,7.98358
220.901,470,7.98358
221.842,471,7.98358
222.785,472,7.98358
223.73,473,7.98358
224.677,474,7.98358
225.626,475,7.98358
226.577,476,7.98358
227.53,477,7.98358
228.485,478,7.98358
229.442,479,7.98358
230.401,480,7.98358
231.362,481,7.98358
232.325,482,7.98358
233.29,483,7.98358
234.257,484,7.98358
235.226,485,7.98358
236.197,486,7.98358
237.17,487,7.98358
238.145,488,7.98358
239.122,489,7.98358
240.101,490,7.98358
241.082,491,7.98358
242.065,492,7.98358
243.05,493,7.99656
244.037,494,7.99656
245.026,495,7.99656
246.017,496,7.98358
247.01,497,7.98358
248.005,498,7.98358
249.002,499,7.98358
250.001,500,7.98358
251.002,501,7.98358
252.005,502,7.98358
253.01,503,7.98358
254.017,504,7.98358
255.026,505,7.98358
256.037,506,7.98358
257.05,507,7.98358
258.065,508,7.98358
259.082,509,7.98358
260.101,510,7.98358
261.122,511,7.98358
262.145,512,7.98358
263.17,513,7.98358
264.197,514,7.98358
265.226,515,7.98358
266.257,516,7.98358
267.29,517,7.98358
268.325,518,7.98358
269.362,519,7.98358
270.401,520,7.98358
271.442,521,7.98358
272.485,522,7.98358
273.53,523,7.98358
274.577,524,7.98358
275.626,525,7.98358
276.677,526,7.98358
277.73,527,7.98358
278.785,528,7.98358
279.842,529,7.98358
280.901,530,7.98358
281.962,531,7.98358
283.025,532,7.98358
284.09,533,7.98358
285.157,534,7.98358
286.226,535,7.98358
287.297,536,7.98358
288.37,537,7.98358
289.445,538,7.98358
290.522,539,7.98358
291.601,540,7.98358
292.682,541,7.98358
293.765,542,7.98358
294.85,543,7.98358
295.937,544,7.98358
297.026,545,7.98358
298.117,546,7.98358
299.21,547,7.98358
300.305,548,7.98358
301.402,549,7.98358
302.501,550,7.98358
303.602,551,7.98358
304.705,552,7.98358
305.81,553,7.98358
306.917,554,7.98358
308.026,555,7.98358
309.137,556,7.98358
310.25,557,7.98358
311.365,558,7.98358
312.482,559,7.98358
313.601,560,7.98358
314.722,561,7.98358
315.845,562,7.98358
316.97,563,7.98358
318.097,564,7.98358
319.226,565,7.98358
320.357,566,7.98358
321.49,567,7.98358
322.625,568,7.98358
323.762,569,7.98358
324.901,570,7.98358
326.042,571,7.98358
327.185,572,7.98358
328.33,573,7.98358
329.477,574,7.98358
330.626,575,7.98358
331.777,576,7.98358
332.93,577,7.98358
334.085,578,7.98358
335.242,579,7.98358
336.401,580,7.98358
337.562,581,7.98358
338.725,582,7.98358
339.89,583,7.98358
341.057,584,7.98358
342.226,585,7.98358
343.397,586,7.98358
344.57,587,7.98358
345.745,588,7.98358
346.922,589,7.98358
348.101,590,7.98358
349.282,591,7.98358
350.465,592,7.98358
351.65,593,7.98358
352.837,594,7.98358
354.026,595,7.98358
355.217,596,7.98358
356.41,597,7.98358
357.605,598,7.98358
358.802,599,7.98358
360.001,600,7.98358
361.202,601,7.98358
362.405,602,7.98358
363.61,603,7.98358
364.817,604,7.98358
366.026,605,7.98358
367.237,606,7.98358
368.45,607,7.98358
369.665,608,7.98358
370.882,609,7.98358
372.101,610,7.98358
373.322,611,7.98358
374.545,612,7.98358
375.77,613,7.98358
376.997,614,7.98358
378.226,615,7.98358
379.457,616,7.98358
380.69,617,7.98358
381.925,618,7.98358
383.162,619,7.98358
384.401,620,7.98358
385.642,621,7.98358
386.885,622,7.98358
388.13,623,7.98358
389.377,624,7.98358
390.626,625,7.98358
391.877,626,7.98358
393.13,627,7.98358
394.385,628,7.98358
395.642,629,7.98358
396.901,630,7.98358
398.162,631,7.98358
399.425,632,7.98358
400.69,633,7.98358
401.957,634,7.98358
403.226,635,7.98358
404.497,636,7.98358
405.77,637,7.98358
407.045,638,7.98358
408.322,639,7.98358
409.601,640,7.98358
410.882,641,7.98358
412.165,642,7.98358
413.45,643,7.98358
414.737,644,7.98358
416.026,645,7.98358
417.317,646,7.98358
418.61,647,7.98358
419.905,648,7.98358
421.202,649,7.98358
422.501,650,7.98358
423.802,651,7.98358
425.105,652,7.98358
426.41,653,7.98358
427.717,654,7.98358
429.026,655,7.98358
430.337,656,7.98358
431.65,657,7.98358
432.965,658,7.98358
434.282,659,7.98358
435.601,660,7.98358
436.922,661,7.98358
438.245,662,7.98358
439.57,663,7.98358
440.897,664,7.98358
442.226,665,7.98358
443.557,666,7.98358
444.89,667,7.98358
446.225,668,7.98358
447.562,669,7.98358
448.901,670,7.98358
450.242,671,7.98358
451.585,672,7.98358
452.93,673,7.98358
454.277,674,7.98358
455.626,675,7.98358
456.977,676,7.98358
458.33,677,7.98358
459.685,678,7.98358
461.042,679,7.98358
462.401,680,7.98358
463.762,681,7.98358
465.125,682,7.98358
466.49,683,7.98358
467.857,684,7.98358
469.226,685,7.98358
470.597,686,7.98358
471.97,687,7.98358
473.345,688,7.98358
474.722,689,7.98358
476.101,690,7.98358
477.482,691,7.98358
478.865,692,7.98358
480.25,693,7.98358
481.637,694,7.98358
483.026,695,7.98358
484.417,696,7.98358
485.81,697,7.98358
487.205,698,7.98358
488.602,699,7.98358
490.001,700,7.98358
491.402,701,7.98358
492.805,702,7.98358
494.21,703,7.98358
495.617,704,7.98358
497.026,705,7.98358
498.437,706,7.98358
499.85,707,7.98358
501.265,708,7.98358
502.682,709,7.98358
504.101,710,7.98358
505.522,711,7.98358
506.945,712,7.98358
508.37,713,7.98358
509.797,714,7.98358
511.226,715,7.98358
512.657,716,7.98358
514.09,717,7.98358
515.525,718,7.98358
516.962,719,7.98358
518.401,720,7.98358
519.842,721,7.98358
521.285,722,7.98358
522.73,723,7.98358
524.177,724,7.98358
525.626,725,7.98358
527.077,726,7.98358
528.53,727,7.98358
529.985,728,7.98358
531.442,729,7.98358
532.901,730,7.98358
534.362,731,7.98358
535.825,732,7.98358
537.29,733,7.98358
538.757,734,7.98358
540.226,735,7.98358
541.697,736,7.98358
543.17,737,7.98358
544.645,738,7.98358
546.122,739,7.98358
547.601,740,7.98358
549.082,741,7.98358
550.565,742,7.98358
552.05,743,7.98358
553.537,744,7.98358
555.026,745,7.98358
556.517,746,7.98358
558.01,747,7.98358
559.505,748,7.98358
561.002,749,7.98358
562.501,750,7.98358
564.002,751,7.98358
565.505,752,7.98358
567.01,753,7.98358
568.517,754,7.98358
570.026,755,7.98358
571.537,756,7.98358
573.05,757,7.98358
574.565,758,7.98358
576.082,759,7.98358
577.601,760,7.98358
579.122,761,7.98358
580.645,762,7.98358
582.17,763,7.98358
583.697,764,7.98358
585.226,765,7.98358
586.757,766,7.98358
588.29,767,7.98358
589.825,768,7.98358
591.362,769,7.98358
592.901,770,7.98358
594.442,771,7.98358
595.985,772,7.98358
597.53,773,7.98358
599.077,774,7.98358
600.626,775,7.98358
602.177,776,7.98358
603.73,777,7.98358
605.285,778,7.98358
606.842,779,7.98358
608.401,780,7.98358
609.962,781,7.98358
611.525,782,7.98358
613.09,783,7.98358
614.657,784,7.98358
616.226,785,7.98358
617.797,786,7.98358
619.37,787,7.98358
620.945,788,7.98358
622.522,789,7.98358
624.101,790,7.98358
625.682,791,7.98358
627.265,792,7.98358
628.85,793,7.98358
630.437,794,7.98358
632.026,795,7.98358
633.617,796,7.98358
635.21,797,7.98358
636.805,798,7.98358
638.402,799,7.98358
