0.8
0.799916
0.799664
0.799244
0.798656
0.7979
0.796975
0.795883
0.794624
0.793197
0.791603
0.789842
0.787915
0.785822
0.783563
0.78114
0.778555
0.775808
0.7729
0.769832
0.766605
0.763221
0.75968
0.755983
0.75213
0.748123
0.743962
0.739649
0.735186
0.730577
0.725822
0.720923
0.715882
0.710699
0.705376
0.699916
0.694321
0.688592
0.682734
0.676746
0.670632
0.664394
0.658034
0.651556
0.644963
0.638258
0.631444
0.624525
0.617504
0.610385
0.603171
0.595868
0.588478
0.581005
0.573456
0.565833
0.558142
0.550388
0.542574
0.534706
0.526789
0.518829
0.51083
0.502799
0.494741
0.486662
0.478567
0.470463
0.462355
0.454249
0.446152
0.438069
0.430007
0.421973
0.413972
0.406012
0.398099
0.39024
0.38244
0.374706
0.367044
0.359462
0.351965
0.34456
0.337254
0.330051
0.32296
0.315985
0.309132
0.302407
0.295815
0.289363
0.283055
0.276897
0.270893
0.265048
0.259368
0.253856
0.248517
0.243354
0.238371
0.233571
0.228958
0.224534
0.220302
0.216265
0.212423
0.20878
0.205336
0.202092
0.19905
0.196211
0.193573
0.191138
0.188906
0.186875
0.185044
0.183414
0.181982
0.180747
0.179707
0.17886
0.178203
0.177734
0.177451
0.17735
0.177428
0.177682
0.178107
0.178701
0.179458
0.180376
0.181449
0.182674
0.184045
0.185559
0.187211
0.188995
0.190906
0.19294
0.195092
0.197356
0.199728
0.202202
0.204772
0.207434
0.210183
0.213012
0.215917
0.218893
0.221934
0.225036
0.228193
0.2314
0.234652
0.237945
0.241272
0.244631
0.248014
0.251419
0.254841
0.258274
0.261715
0.265159
0.268603
0.272042
0.275472
0.278889
0.28229
0.28567
0.289026
0.292356
0.295655
0.298922
0.302152
0.305342
0.30849
0.311592
0.314647
0.317651
0.320602
0.323498
0.326337
0.329117
0.331835
0.334491
0.337081
0.339606
0.342064
0.344453
0.346771
0.34902
0.351196
0.353299
0.355328
0.357283
0.359163
0.360967
0.362695
0.364348
0.801123
0.803263
0.805157
0.806805
0.80821
0.809374
0.810296
0.810979
0.811425
0.811636
0.811614
0.811361
0.810881
0.810175
0.809247
0.8081
0.806739
0.805165
0.803383
0.801395
0.799208
0.796826
0.794253
0.791493
0.788549
0.785427
0.78213
0.778665
0.775035
0.771247
0.767306
0.763217
0.758987
0.75462
0.750123
0.745502
0.740765
0.735916
0.730963
0.725911
0.72077
0.715544
0.710241
0.704867
0.69943
0.693936
0.688393
0.682809
0.677191
0.671546
0.665881
0.660205
0.654523
0.648844
0.643175
0.637522
0.631894
0.626298
0.620741
0.615231
0.609774
0.604378
0.599051
0.593797
0.588625
0.583539
0.578546
0.573652
0.568863
0.564184
0.559621
0.555179
0.550863
0.546678
0.542627
0.538716
0.534948
0.531327
0.527856
0.524536
0.521373
0.518367
0.515521
0.512837
0.510316
0.507958
0.505766
0.503739
0.501879
0.500185
0.498657
0.497294
0.496094
0.495058
0.494184
0.493471
0.492916
0.492517
0.492272
0.492181
0.492238
0.492442
0.492789
0.493276
0.493901
0.49466
0.495549
0.496565
0.497702
0.498958
0.500327
0.501807
0.503393
0.505081
0.506868
0.508748
0.510718
0.512772
0.514909
0.517122
0.519409
0.521764
0.524184
0.526665
0.529204
0.531796
0.534438
0.537127
0.539858
0.542629
0.545436
0.548275
0.551144
0.55404
0.556959
0.559899
0.562858
0.565831
0.568818
0.571815
0.57482
0.57783
0.580846
0.583862
0.586879
0.589894
0.592905
0.595912
0.598911
0.601904
0.604886
0.607859
0.61082
0.613768
0.616703
0.619623
0.622528
0.625416
0.628287
0.631139
0.633971
0.636782
0.639572
0.64234
0.645086
0.647809
0.650507
0.653179
0.655825
0.658444
0.661034
0.663596
0.666127
0.668628
0.671097
0.673535
0.675939
0.678307
0.68064
0.682937
0.685197
0.687419
0.689601
0.691742
0.693841
0.695898
0.69791
0.699878
0.701798
0.703671
0.705494
0.707267
0.708989
0.710659
0.712275
0.713837
0.715343
0.716793
0.718185
0.71952
0.800637
0.801905
0.80309
0.804192
0.805209
0.80614
0.806985
0.807743
0.808412
0.808994
0.809487
0.809893
0.810211
0.810441
0.810581
0.810633
0.810595
0.810469
0.810256
0.809954
0.809566
0.809091
0.80853
0.807884
0.807153
0.806337
0.805439
0.804459
0.803398
0.802257
0.801037
0.79974
0.798368
0.796921
0.7954
0.793808
0.792145
0.790412
0.788613
0.786747
0.784817
0.782826
0.780774
0.778664
0.776498
0.774279
0.772008
0.769687
0.767319
0.764904
0.762446
0.759946
0.757408
0.754832
0.752221
0.749577
0.746903
0.7442
0.741471
0.738718
0.735944
0.733149
0.730337
0.727509
0.724668
0.721816
0.718954
0.716086
0.713212
0.710335
0.707456
0.704577
0.7017
0.698825
0.695956
0.693094
0.69024
0.687395
0.68456
0.681738
0.678931
0.676138
0.673363
0.670605
0.667868
0.665153
0.66246
0.659792
0.65715
0.654535
0.651949
0.649394
0.64687
0.64438
0.641925
0.639507
0.637127
0.634787
0.632489
0.630235
0.628027
0.625866
0.623753
0.621691
0.619684
0.617731
0.615834
0.613996
0.612217
0.610501
0.608849
0.607262
0.605742
0.604292
0.602911
0.601602
0.600367
0.599208
0.598124
0.597118
0.596191
0.595343
0.594577
0.593893
0.593292
0.592775
0.592343
0.591997
0.591738
0.591566
0.591482
0.591486
0.591576
0.591754
0.59202
0.592374
0.592815
0.593344
0.593958
0.594658
0.595442
0.596309
0.597256
0.598284
0.599391
0.600575
0.601836
0.60317
0.604577
0.606052
0.607593
0.609199
0.610867
0.612595
0.61438
0.61622
0.618112
0.620052
0.622037
0.624066
0.626135
0.628241
0.63038
0.632549
0.634744
0.636963
0.639202
0.641459
0.643731
0.646014
0.648305
0.6506
0.652897
0.655192
0.657482
0.659763
0.662034
0.664292
0.666533
0.668755
0.670954
0.673128
0.675274
0.677391
0.679476
0.681525
0.683539
0.685516
0.687452
0.689346
0.691194
0.692997
0.694752
0.696458
0.698115
0.699721
0.701273
0.702772
0.704217
0.705606
0.800674
0.802019
0.803277
0.804447
0.80553
0.806524
0.80743
0.808249
0.80898
0.809623
0.810181
0.810651
0.811036
0.811334
0.811548
0.811677
0.811723
0.811688
0.81157
0.811373
0.811096
0.81074
0.810307
0.809797
0.809212
0.808553
0.807821
0.807017
0.806142
0.805198
0.804186
0.803107
0.801964
0.800758
0.79949
0.798162
0.796774
0.795329
0.793828
0.792273
0.790663
0.789001
0.787289
0.785527
0.783719
0.781865
0.779968
0.77803
0.776054
0.77404
0.771991
0.769907
0.767792
0.765646
0.763473
0.761274
0.75905
0.756803
0.754535
0.75225
0.749948
0.747634
0.745308
0.742974
0.740633
0.73829
0.735947
0.733605
0.731266
0.728935
0.726613
0.724302
0.722004
0.719723
0.717462
0.715222
0.713006
0.710815
0.708654
0.706523
0.704426
0.702364
0.70034
0.698356
0.696414
0.694517
0.692666
0.690863
0.689109
0.687407
0.685757
0.684161
0.682621
0.681137
0.679711
0.678344
0.677037
0.675792
0.674609
0.67349
0.672433
0.671441
0.670514
0.669652
0.668855
0.668123
0.667458
0.666859
0.666327
0.665862
0.665465
0.665136
0.664874
0.664679
0.66455
0.664488
0.664493
0.664564
0.664702
0.664907
0.665178
0.665516
0.66592
0.66639
0.666926
0.667527
0.668194
0.668926
0.669722
0.670582
0.671507
0.672495
0.673546
0.67466
0.675838
0.677077
0.678379
0.679742
0.681165
0.682648
0.684189
0.685788
0.687444
0.689157
0.690925
0.692747
0.694621
0.696546
0.69852
0.700544
0.702614
0.704728
0.706885
0.709083
0.71132
0.713594
0.715903
0.718244
0.720615
0.723012
0.725433
0.727877
0.730338
0.732815
0.735305
0.737803
0.740307
0.742815
0.745321
0.747824
0.750318
0.752802
0.755273
0.757727
0.760159
0.762566
0.764945
0.767293
0.769604
0.771877
0.774107
0.776293
0.778429
0.780514
0.782546
0.784521
0.786437
0.78829
0.790077
0.791796
0.793445
0.795022
0.796523
0.797948
0.799295
0.800563
0.801749
0.802854
0.803875
0.804813
0.800387
0.80116
0.80185
0.802456
0.802979
0.803418
0.803774
0.804047
0.804238
0.804348
0.804378
0.80433
0.804203
0.804001
0.803724
0.803374
0.802953
0.802463
0.801906
0.801285
0.800601
0.799859
0.799058
0.798202
0.797293
0.796334
0.795327
0.794276
0.793183
0.79205
0.79088
0.789677
0.788444
0.787183
0.785897
0.784588
0.783261
0.781916
0.780559
0.779192
0.777819
0.776442
0.775063
0.773683
0.772306
0.770935
0.769573
0.768223
0.766885
0.765563
0.764257
0.76297
0.761703
0.760459
0.75924
0.758048
0.756884
0.755748
0.754643
0.753571
0.752532
0.751525
0.750554
0.749617
0.748718
0.747855
0.747031
0.746243
0.745492
0.744779
0.744103
0.743464
0.742863
0.742299
0.741771
0.741279
0.740822
0.7404
0.74001
0.739653
0.739326
0.73903
0.738762
0.738521
0.738307
0.738119
0.737954
0.737812
0.737692
0.737591
0.737508
0.737441
0.737389
0.73735
0.737324
0.737309
0.737305
0.737308
0.737317
0.737329
0.737344
0.73736
0.737374
0.737387
0.737396
0.737398
0.737394
0.737382
0.737358
0.737322
0.737273
0.737208
0.737129
0.737033
0.736919
0.736786
0.736631
0.736455
0.736256
0.736034
0.735788
0.735517
0.735218
0.734892
0.734537
0.734152
0.733737
0.733292
0.732816
0.732309
0.731769
0.731197
0.730592
0.729952
0.729277
0.728569
0.727825
0.727047
0.726233
0.725385
0.7245
0.723581
0.722626
0.721636
0.72061
0.71955
0.718456
0.717328
0.716167
0.714973
0.713747
0.712488
0.711199
0.709882
0.708536
0.707162
0.705763
0.70434
0.702894
0.701427
0.69994
0.698434
0.696913
0.69538
0.693835
0.692282
0.690722
0.689158
0.687593
0.686029
0.684468
0.682916
0.681374
0.679847
0.678337
0.676846
0.67538
0.67394
0.672531
0.671154
0.669815
0.668516
0.667259
0.666049
0.664889
0.663781
0.662726
0.661729
0.660791
0.659916
0.659106
0.658363
0.657689
0.657083
0.656547
0.656084
0.655693
0.655375
0.65513
0.654959
0.799925
0.799858
0.799821
0.799814
0.799835
0.799883
0.799956
0.800054
0.800174
0.800315
0.800476
0.800656
0.800851
0.80106
0.80128
0.80151
0.801747
0.801989
0.802235
0.802483
0.802729
0.802973
0.803213
0.803446
0.803672
0.803886
0.804089
0.804277
0.80445
0.804607
0.804746
0.804866
0.804965
0.805043
0.805099
0.805133
0.805143
0.805128
0.805089
0.805024
0.804935
0.804821
0.804682
0.80452
0.804334
0.804123
0.803889
0.803633
0.803355
0.803056
0.802737
0.802401
0.802047
0.801678
0.801294
0.800897
0.800489
0.800072
0.799648
0.799217
0.798782
0.798345
0.797907
0.797472
0.797039
0.796612
0.796193
0.795783
0.795385
0.795001
0.794634
0.794285
0.793955
0.793646
0.793362
0.793103
0.79287
0.792665
0.792491
0.792347
0.792238
0.792163
0.792125
0.792123
0.792159
0.792235
0.792352
0.792509
0.792708
0.792949
0.793232
0.793557
0.793925
0.794336
0.79479
0.795285
0.795822
0.7964
0.79702
0.797678
0.798377
0.799115
0.799888
0.800696
0.801537
0.802411
0.803314
0.804247
0.805206
0.806189
0.807196
0.808224
0.809273
0.810338
0.811419
0.812513
0.813617
0.814732
0.815853
0.81698
0.818107
0.819235
0.82036
0.821481
0.822596
0.823701
0.824796
0.825878
0.826945
0.827995
0.829029
0.830044
0.831038
0.832008
0.832956
0.833879
0.834777
0.835647
0.836487
0.837297
0.838076
0.838822
0.839535
0.840215
0.840861
0.841475
0.842055
0.8426
0.843108
0.84358
0.844014
0.844412
0.844773
0.845096
0.845381
0.84563
0.845841
0.846016
0.846153
0.846254
0.846318
0.846346
0.846338
0.846294
0.846215
0.846101
0.845952
0.845769
0.845551
0.8453
0.845016
0.844699
0.84435
0.84397
0.843558
0.843116
0.842645
0.842146
0.841618
0.841064
0.840484
0.839878
0.839247
0.838591
0.837912
0.83721
0.836486
0.83574
0.834974
0.834189
0.833386
0.832564
0.831726
0.83087
0.829999
0.829113
0.828213
0.827299
0.826371
0.825431
0.799504
0.798565
0.797624
0.796681
0.795737
0.794793
0.79385
0.792909
0.79197
0.791035
0.790103
0.789176
0.788253
0.787336
0.786425
0.785522
0.784627
0.78374
0.782862
0.781994
0.781136
0.780288
0.779452
0.778628
0.777818
0.777021
0.776238
0.77547
0.774717
0.773979
0.773258
0.772553
0.771866
0.771196
0.770546
0.769914
0.769304
0.768715
0.768146
0.767597
0.767069
0.766562
0.766076
0.765612
0.765169
0.764747
0.764347
0.763968
0.76361
0.763274
0.76296
0.762667
0.762396
0.762148
0.761921
0.761714
0.761528
0.761361
0.761215
0.761088
0.760981
0.760894
0.760826
0.760777
0.760747
0.760734
0.760739
0.760762
0.760803
0.760861
0.760937
0.761031
0.761143
0.761271
0.761418
0.761582
0.761763
0.761963
0.76218
0.762416
0.762671
0.762946
0.76324
0.763553
0.763886
0.76424
0.764613
0.765008
0.765425
0.765864
0.766325
0.76681
0.767316
0.767846
0.768398
0.768974
0.769572
0.770192
0.770835
0.7715
0.772188
0.772897
0.773626
0.774373
0.775139
0.775922
0.776721
0.777536
0.778364
0.779204
0.780056
0.780918
0.781787
0.782661
0.78354
0.784421
0.785302
0.78618
0.787053
0.787919
0.788775
0.78962
0.790451
0.791265
0.792058
0.792829
0.793575
0.794295
0.794985
0.795643
0.796267
0.796855
0.797405
0.797916
0.798385
0.79881
0.799189
0.799521
0.799803
0.800034
0.800214
0.80034
0.800414
0.800433
0.800395
0.800301
0.800152
0.799945
0.79968
0.799359
0.798982
0.798549
0.798061
0.797519
0.796923
0.796277
0.79558
0.794834
0.794042
0.793206
0.792329
0.791413
0.790459
0.789471
0.788452
0.787405
0.786331
0.785235
0.78412
0.78299
0.781849
0.780698
0.779543
0.778387
0.777233
0.776084
0.774945
0.77382
0.772714
0.771628
0.770567
0.769533
0.76853
0.767563
0.766635
0.765748
0.764906
0.76411
0.763365
0.762671
0.762032
0.761452
0.76093
0.76047
0.760074
0.759743
0.759478
0.75928
0.759149
0.759086
0.799988
0.800058
0.800186
0.800371
0.800612
0.800909
0.801261
0.801665
0.802123
0.802632
0.803192
0.803799
0.804451
0.805145
0.805879
0.80665
0.807458
0.808297
0.809165
0.810058
0.810974
0.811909
0.812859
0.813821
0.814794
0.815772
0.816753
0.817733
0.81871
0.819679
0.820636
0.821579
0.822504
0.823408
0.824286
0.825138
0.825959
0.826746
0.827496
0.828207
0.828877
0.829502
0.830081
0.830611
0.83109
0.831516
0.831889
0.832205
0.832464
0.832662
0.8328
0.832875
0.832886
0.832833
0.832716
0.832533
0.832284
0.831971
0.831592
0.831148
0.830638
0.830062
0.829419
0.828711
0.827937
0.827099
0.826199
0.825238
0.824215
0.823132
0.82199
0.820792
0.819538
0.818229
0.816868
0.815456
0.813996
0.812489
0.810938
0.809345
0.807711
0.806038
0.804328
0.802582
0.800805
0.798998
0.797163
0.795302
0.793418
0.791512
0.789588
0.787648
0.785694
0.78373
0.781759
0.779783
0.777804
0.775824
0.773845
0.77187
0.769901
0.76794
0.765991
0.764056
0.762138
0.76024
0.758361
0.756506
0.754676
0.752873
0.751101
0.74936
0.747655
0.745986
0.744356
0.742767
0.741221
0.73972
0.738266
0.736862
0.735509
0.734209
0.732963
0.731774
0.730642
0.72957
0.728559
0.727611
0.726727
0.725908
0.725157
0.724475
0.723862
0.723319
0.722848
0.72245
0.722125
0.721875
0.721699
0.721599
0.721574
0.721627
0.721755
0.72196
0.722241
0.722599
0.723032
0.723541
0.724124
0.724782
0.725515
0.726321
0.727201
0.728154
0.729177
0.73027
0.731431
0.73266
0.733953
0.735311
0.736731
0.738213
0.739755
0.741354
0.743007
0.744714
0.746474
0.748282
0.750137
0.752036
0.753978
0.755961
0.757982
0.760039
0.76213
0.764253
0.766405
0.768585
0.770789
0.773016
0.775262
0.777526
0.779805
0.782097
0.784401
0.786714
0.789033
0.791358
0.793685
0.796014
0.798343
0.800668
0.80299
0.805305
0.807612
0.809911
0.8122
0.814478
0.816741
0.818989
0.801067
0.803252
0.805423
0.80758
0.809721
0.811846
0.813952
0.816038
0.818104
0.820149
0.822171
0.824169
0.826142
0.82809
0.830011
0.831906
0.833772
0.835609
0.837415
0.839192
0.840938
0.842651
0.844331
0.845976
0.847587
0.849161
0.8507
0.852201
0.853667
0.855096
0.856486
0.857837
0.859148
0.860418
0.861647
0.862834
0.86398
0.865085
0.866151
0.867175
0.868158
0.869098
0.869997
0.870855
0.871671
0.872445
0.873179
0.873871
0.874524
0.875137
0.875712
0.87625
0.876751
0.877216
0.877646
0.878041
0.878405
0.878737
0.87904
0.879313
0.879558
0.879778
0.879974
0.880149
0.880305
0.880441
0.880561
0.880665
0.880758
0.880839
0.880911
0.880976
0.881034
0.881088
0.881139
0.881188
0.881235
0.881283
0.881333
0.881386
0.881443
0.881505
0.88157
0.88164
0.881714
0.881792
0.881875
0.881961
0.882048
0.882134
0.88222
0.882304
0.882384
0.882457
0.882523
0.882579
0.882623
0.882653
0.882666
0.88266
0.882633
0.882582
0.882505
0.882399
0.882263
0.882093
0.881889
0.881649
0.881368
0.881046
0.88068
0.88027
0.879814
0.879309
0.878756
0.878152
0.877498
0.876789
0.876027
0.87521
0.874339
0.873412
0.872431
0.871393
0.870301
0.869154
0.867954
0.866701
0.865395
0.864037
0.862629
0.861173
0.859668
0.858118
0.856522
0.854884
0.853204
0.851484
0.849724
0.847928
0.846098
0.844236
0.842344
0.840425
0.838481
0.836514
0.834528
0.832524
0.830504
0.828472
0.826428
0.824378
0.822323
0.820265
0.818207
0.816154
0.814107
0.81207
0.810045
0.808035
0.806043
0.80407
0.802121
0.8002
0.798311
0.796455
0.794635
0.792854
0.791115
0.78942
0.787773
0.786177
0.784634
0.783147
0.781718
0.780352
0.77905
0.777816
0.77665
0.775555
0.774533
0.773585
0.772713
0.771918
0.771203
0.770567
0.770012
0.769539
0.769147
0.768837
0.768609
0.768463
0.7684
0.768417
0.768513
0.768687
0.768938
0.769265
0.769665
0.770137
