18.082
17.1998
17.1998
17.1998
17.1998
17.6136
14.6587
16.1561
16.0801
16.2657
15.9867
17.032
17.032
14.5423
15.361
13.7538
14.1943
12.8674
10.8795
13.8198
11.4109
9.69347
8.16373
8.23428
8.76997
8.76997
8.76997
8.76997
7.78412
8.19897
8.19897
7.39869
5.84413
3.64856
3.4574
4.95525
4.95525
2.13205
1.85091
1.49817
1.98504
1.63982
1.63982
1.63982
1.63982
2.73944
2.73944
2.86292
2.86292
2.86292
2.86292
2.86292
2.86292
2.86292
3.57716
3.57716
3.57716
3.57716
3.57716
4.53625
4.53625
7.5009
7.5009
5.80262
5.80262
5.80262
5.73177
4.35788
2.35963
2.35963
3.02483
3.34067
5.64072
7.86496
8.61138
8.61138
8.61138
8.61138
9.04216
9.04216
11.0573
9.03789
6.68097
6.68097
8.31225
9.39464
8.628
8.89071
8.89071
9.35791
8.73278
8.73278
8.73278
8.32186
6.99179
5.83278
5.97617
5.97617
5.97617
5.97617
8.12695
5.21263
3.77692
3.77692
1.21538
2.95787
2.95787
4.13542
3.90404
3.90404
5.13778
5.24137
5.99156
4.14405
4.14405
6.81918
5.53402
5.53402
6.33637
6.33637
6.33637
6.33637
6.49367
6.49367
7.39353
8.09832
8.09832
8.09832
8.9512
10.1569
8.8001
5.97039
7.39333
7.63022
6.02521
6.02521
5.40382
5.02067
5.02067
5.62149
9.2171
9.2171
8.52912
7.37231
4.37529
4.37529
4.6494
7.19054
4.51055
3.70145
7.11078
7.28452
6.56442
6.56442
6.10066
6.10066
6.10066
6.50367
5.42452
5.42452
3.08795
4.23552
4.23552
3.4089
2.03252
2.03252
2.03252
3.65434
3.80092
3.52241
3.52241
4.4071
4.4071
4.4071
4.4071
4.4071
4.14479
4.14479
5.51884
3.43874
3.43874
2.08606
5.69113
2.63019
2.63019
2.63019
2.63019
3.36842
3.36842
3.36842
3.36842
3.36842
3.36842
3.36842
3.36842
3.36842
2.65183
2.57182
2.57182
3.92738
1.99287
2.29233
2.29233
1.56045
3.77286
2.39067
4.10002
4.31363
4.31363
4.90198
4.90198
2.34393
2.34393
3.54744
3.54744
3.54744
4.55369
4.6075
3.90735
3.31245
5.41301
5.03372
5.03372
5.03372
5.03372
3.99009
3.99009
3.99009
7.16652
5.56021
5.15044
2.67599
2.40134
4.93829
4.93829
4.93829
4.93829
7.19871
5.57928
5.57928
5.57928
5.57928
5.57928
3.57985
3.37864
5.63865
5.63865
5.63865
2.13132
2.13132
