20.4756
20.4756
20.4756
20.4756
20.4708
20.4708
20.7449
21.5541
21.5541
21.5541
23.4535
22.9305
22.9305
25.5833
26.8933
26.1288
26.1288
26.1288
28.1342
28.1342
28.4551
28.4551
28.4551
28.4551
26.7679
26.9043
26.9043
25.2235
24.2689
23.3784
21.6628
21.6628
21.6628
20.0754
21.2565
21.2657
21.2657
21.2657
20.8784
20.2107
18.41
18.41
17.4849
16.2707
15.4314
15.9558
14.0612
11.7814
11.7814
10.4173
6.15369
4.00564
3.91837
3.91837
2.2948
2.2948
1.35089
1.35089
1.35089
3.12156
3.12156
5.40413
5.40413
5.40413
5.40413
5.619
5.619
5.619
5.619
5.619
5.619
8.23419
7.77631
6.75457
7.77807
7.77807
7.89318
8.74607
8.74607
9.89906
9.89906
9.72625
7.16887
7.16887
8.19014
8.19014
8.19014
8.33102
7.92636
7.91913
7.8411
7.20296
7.20296
7.41615
4.21631
3.99331
3.99331
4.15157
4.15157
4.15157
4.7765
4.7765
4.0736
4.0736
4.0736
4.0736
4.0736
3.93901
3.93901
3.93901
4.57741
3.98187
5.67512
5.67512
5.67512
7.00935
4.96304
4.96304
4.96304
4.96304
4.96304
2.93117
5.73583
6.13626
5.39566
5.39566
3.31849
3.31849
2.84173
0.98241
2.05908
2.71685
2.71685
4.06708
4.06708
2.32692
2.32692
2.32692
2.32692
2.32692
2.32692
1.28164
3.94985
3.94985
3.94985
3.94985
3.94985
4.65209
4.21572
6.3294
6.21027
6.89334
6.17536
4.40295
4.40295
3.02727
3.02727
3.02727
3.02727
3.02727
3.02727
2.32075
2.32075
3.54254
3.75009
3.75009
4.58519
5.70903
5.70903
5.06183
5.06183
5.06183
5.50227
5.50227
5.50227
4.00834
4.26654
4.26654
3.24317
3.24317
3.62622
3.62622
3.62622
3.62622
3.62622
3.62622
2.14831
2.14831
2.14831
2.14831
2.14831
2.14831
2.14831
2.14831
2.14831
2.14831
2.14831
3.02324
3.02324
3.02324
3.02324
3.02324
3.02324
3.82051
3.08486
3.08486
3.08486
3.08486
5.31789
5.57342
5.57342
5.77709
5.77709
5.77709
6.02226
4.75875
6.26204
6.26204
6.26204
7.02476
3.69945
3.69945
3.69945
4.80116
3.35078
5.84895
7.15943
7.15943
7.42803
6.19269
5.4226
5.00431
4.66039
7.41708
6.97123
6.97123
6.88229
7.0816
8.60804
8.60804
8.60804
7.53413
7.15329
7.14394
7.14394
8.31762
8.28547
7.65341
7.5364
7.5364
