19.2924
18.9009
18.9009
18.9009
18.9009
19.0312
17.8203
18.3545
18.3877
18.3335
18.2748
18.2748
18.2748
17.1869
17.4812
16.4817
16.7151
16.6439
16.215
16.215
15.2425
14.4919
13.8575
13.2382
12.3946
12.5244
12.5244
12.5244
11.7599
10.7641
10.7641
9.6331
9.83893
9.83893
11.0563
10.7702
10.7702
9.75605
9.67782
10.12
9.8177
9.93162
9.93162
8.85738
8.85738
9.77589
10.5819
10.0963
10.0963
9.41879
8.25283
8.25283
8.25283
8.25283
8.88183
8.88183
8.88183
8.88183
8.88183
9.31661
9.597
10.342
10.342
9.51376
9.14166
9.14166
9.21594
8.92078
8.17247
7.31389
7.07594
6.94368
5.76065
4.91785
4.93849
4.93849
4.16003
5.02543
4.84301
4.29046
4.87603
3.9421
3.33336
3.33336
3.04969
3.22847
3.39369
2.81327
2.28316
2.37186
1.89644
1.89644
2.24289
3.00284
2.10273
2.10273
2.27437
1.77155
1.77155
1.77155
1.80455
0.976085
0.818106
0.818106
0.818106
1.111
1.111
2.19784
1.22474
1.22474
1.22474
1.98322
1.06693
1.06693
0.917741
0.917741
1.00372
1.00372
1.00372
1.00372
1.00372
1.00372
1.37293
1.37293
1.81724
1.94988
1.94988
1.94988
2.69799
3.56005
3.30403
2.46594
2.17076
1.43113
1.0022
1.0022
1.0022
1.01625
1.01625
2.08784
3.29701
3.29701
2.90929
2.77293
1.84454
1.84454
2.31117
2.31117
2.04676
1.55161
2.23543
2.66175
2.27642
2.27642
2.27642
2.27642
2.27642
1.55498
1.13675
1.13675
0.611467
0.621393
0.621393
0.896924
0.952599
0.332774
0.332774
1.10791
1.10791
0.883053
0.883053
0.883053
0.883053
0.883053
0.883053
0.883053
1.03743
1.03743
1.03743
1.03743
1.17442
1.17372
1.55866
1.24232
1.45677
1.45677
1.45677
1.37847
1.37847
1.56817
1.56817
1.53589
1.53589
1.53589
1.53589
1.53589
1.36608
1.03728
0.616113
0.883225
1.07755
0.857027
0.857027
1.37644
1.37644
0.725031
0.725031
1.42958
1.42958
0.74538
1.02213
0.991807
0.991807
0.991807
0.991807
0.991807
1.78739
1.62971
0.921405
1.83939
2.00695
2.00123
2.61475
2.61475
2.61475
2.05803
2.16409
2.16409
2.10507
1.59114
1.59114
1.64396
1.81148
1.1845
1.1845
0.688114
0.688114
1.89396
1.1477
1.1477
1.1477
1.1477
1.1477
1.27278
0.649415
1.46136
1.46136
1.46136
1.24131
1.24131
