20.3242
20.3242
20.3242
20.2168
20.1673
19.4409
19.5184
19.8363
19.8363
19.8363
19.8363
19.8216
19.8216
20.8254
21.2198
20.3141
20.3141
20.3141
21.269
21.269
21.3107
21.3107
21.3107
21.3107
20.5222
20.5308
20.5308
19.5999
19.1206
18.4856
17.8037
17.8037
17.8037
17.3998
17.9863
17.9862
17.9862
17.9862
17.8269
17.2709
17.1914
17.1914
16.5393
15.4939
15.1821
15.1546
14.5708
13.5591
13.062
11.9162
11.2108
10.0307
9.47796
8.97621
9.43507
9.43507
9.1291
9.1291
9.1291
9.49178
9.58708
9.5915
8.78352
8.78352
8.78352
8.57916
8.57916
8.57916
7.84093
8.39842
8.39842
9.68759
9.75789
9.48955
9.77604
9.77604
9.35097
9.34529
9.34529
9.95586
10.2328
9.90593
8.80785
8.80785
8.70616
8.70616
8.70616
8.47962
7.96617
8.31791
8.31791
8.14726
8.14726
7.84017
6.93768
6.25284
6.25284
6.25284
6.25284
6.25284
6.52028
6.29849
5.98902
5.86348
5.86348
5.86348
5.86348
4.7609
4.7609
3.92703
3.92703
4.56142
4.56142
4.56142
4.56142
5.37215
4.54757
4.54757
4.188
4.188
4.47096
4.28458
5.37222
5.40669
4.5286
4.5286
3.7499
3.7499
3.83195
3.90779
4.42682
4.41287
4.37484
4.02817
4.02817
4.02817
4.0692
4.0692
3.90845
3.38686
4.52418
4.17375
3.94388
3.13352
2.70752
1.68743
2.2099
1.89052
1.2158
1.2158
1.57759
1.76652
1.39172
1.39172
1.39172
1.24808
1.24808
1.06832
1.06832
1.06832
1.06832
0.742426
0.742426
0.742426
0.742426
0.742426
0.742426
1.30316
1.30316
0.977111
0.977111
0.977111
0.977111
0.987387
0.987387
0.815629
1.76713
1.76713
1.72067
1.86446
1.86446
1.86446
1.86446
1.86446
1.91537
1.91537
1.46824
1.46824
0.352431
0.352431
0.352431
0.352431
0.352431
0.352431
0.352431
0.352431
0.352431
1.1137
1.1137
1.1137
1.1137
1.51231
1.51231
2.04292
1.43962
1.27289
1.27289
2.71368
3.08696
4.3033
4.3033
4.03988
4.03988
4.03988
4.17542
3.9418
4.56079
4.56079
4.56079
4.59693
4.04
4.04
4.04
3.78669
3.16622
3.15085
3.68673
3.68673
4.07695
2.86503
2.86503
1.80682
2.10784
2.9532
2.92305
2.52052
2.57748
2.68714
3.12128
3.12128
3.12128
2.98911
2.78666
2.85268
2.85268
3.11528
2.63542
2.38648
2.38516
2.38516
