1,7.61865,0
2,7.61731,0.00134268
3,7.60938,0.00796106
4,7.60211,0.00919503
5,7.6018,0.00712919
6,7.59484,0.00907797
7,7.59539,0.00769235
8,7.59691,0.00683211
9,7.60082,0.00718363
10,7.59893,0.0066977
11,7.59814,0.00610929
12,7.59821,0.00557743
13,7.59596,0.00560422
14,7.59417,0.00548692
15,7.59107,0.00597367
16,7.59404,0.00632709
17,7.59639,0.00639041
18,7.59847,0.00637285
19,7.59687,0.00623706
20,7.59439,0.00641384
21,7.59269,0.00633448
22,7.59316,0.0060586
23,7.59205,0.0058959
24,7.5933,0.00578162
25,7.59396,0.00558518
26,7.5937,0.00537247
27,7.59304,0.00521214
28,7.5934,0.00503611
29,7.59196,0.00506872
30,7.59134,0.00493657
31,7.59141,0.00477518
32,7.59225,0.00470016
33,7.59149,0.00461836
34,7.59132,0.00448381
35,7.59091,0.00437339
36,7.59135,0.00427281
37,7.59118,0.00415924
38,7.59194,0.00411939
39,7.59258,0.00406399
40,7.59276,0.00396496
41,7.59233,0.00389062
42,7.59286,0.0038333
43,7.59394,0.00389576
44,7.59324,0.00386984
45,7.59385,0.00383146
46,7.593,0.00384243
47,7.59277,0.00376669
48,7.59388,0.00385074
49,7.59413,0.00377947
50,7.59362,0.00373725
51,7.59386,0.00367087
52,7.59318,0.0036626
53,7.59319,0.00359284
54,7.59393,0.00360102
55,7.59422,0.00354685
56,7.59426,0.00348324
57,7.59307,0.00362426
58,7.59327,0.00356672
59,7.5939,0.00356255
60,7.5945,0.00355352
61,7.59433,0.00349902
62,7.59468,0.00346055
63,7.59423,0.00343451
64,7.59403,0.00338665
65,7.59438,0.00335211
66,7.59557,0.0035093
67,7.59504,0.00349712
68,7.59465,0.00346662
69,7.59409,0.00346223
70,7.59445,0.00343124
71,7.59498,0.00342488
72,7.59519,0.00338321
73,7.59583,0.00339733
74,7.59553,0.00336424
75,7.59449,0.00348017
76,7.59442,0.00343464
77,7.59476,0.00340609
78,7.59518,0.00338813
79,7.59555,0.00336621
80,7.59618,0.0033829
81,7.59653,0.00335913
82,7.59654,0.00331793
83,7.59669,0.00328077
84,7.59728,0.00329595
85,7.59681,0.00329131
86,7.59678,0.00325296
87,7.59738,0.00327207
88,7.5981,0.00331248
89,7.59851,0.00330121
90,7.59855,0.00326456
91,7.59843,0.0032307
92,7.5979,0.00323952
93,7.59792,0.00320456
94,7.59791,0.00317029
95,7.59762,0.00315014
96,7.59739,0.00312583
97,7.59776,0.00311515
98,7.59752,0.00309225
99,7.59761,0.00306217
100,7.59783,0.00303904
