0,0,0
0.0230664,0,0
0.0461329,0,0
0.0691993,0,0
0.0922657,0,0
0.115332,0,0
0.138399,0,0
0.161465,0,0
0.184531,0,0
0.207598,0,0
0.230664,0,0
0.253731,0,0
0.276797,0,0
0.299864,0,0
0.32293,0,0
0.345996,0,0
0.369063,0,0
0.392129,0,0
0.415196,0,0
0.438262,0,0
0.461329,0,0
0.484395,0,0
0.507461,0,0
0.530528,0,0
0.553594,0,0
0.576661,0,0
0.599727,0,0
0.622794,0,0
0.64586,0,0
0.668926,0,0
0.691993,0,0
0.715059,0,0
0.738126,0,0
0.761192,0,0
0.784259,0,0
0.807325,0,0
0.830391,0,0
0.853458,3.1048e-07,3.1048e-07
0.876524,8.23301e-05,5.16214e-06
0.899591,0.00341555,4.03748e-05
0.922657,0.0473154,0.000161203
0.945724,0.293715,0.000510266
0.96879,1.00777,0.000918799
0.991856,2.24282,0.00121494
1.01492,3.62561,0.000974935
1.03799,4.61836,0.00118272
1.06106,4.89451,0.00156423
1.08412,4.49007,0.00137797
1.10719,3.65651,0.00137528
1.13026,2.69314,0.000901181
1.15332,1.81656,0.000571574
1.17639,1.13118,0.00050417
1.19945,0.654178,0.000532033
1.22252,0.353639,0.00042597
1.24559,0.180292,0.000383472
1.26865,0.0893483,0.00029134
1.29172,0.0496801,0.000215537
1.31479,0.0426921,0.000188268
1.33785,0.0613111,0.000237942
1.36092,0.106526,0.000252812
1.38399,0.184254,0.00028316
1.40705,0.300572,0.000304672
1.43012,0.453403,0.000259817
1.45319,0.627532,0.000313835
1.47625,0.796719,0.000465687
1.49932,0.920873,0.000530607
1.52238,0.97052,0.00055924
1.54545,0.928477,0.000527374
1.56852,0.807975,0.000393252
1.59158,0.640628,0.00029673
1.61465,0.465389,0.000232928
1.63772,0.317332,0.000281726
1.66078,0.220225,0.000384254
1.68385,0.192992,0.000415583
1.70692,0.25568,0.000465199
1.72998,0.434396,0.000584391
1.75305,0.749629,0.000591612
1.77612,1.19853,0.000502405
1.79918,1.72733,0.000407844
1.82225,2.23489,0.000654118
1.84531,2.59679,0.000960397
1.86838,2.7126,0.00112844
1.89145,2.55593,0.000996977
1.91451,2.17974,0.000730066
1.93758,1.68943,0.000424415
1.96065,1.20068,0.000355077
1.98371,0.802361,0.000497578
2.00678,0.543281,0.000602416
2.02985,0.434961,0.000587805
2.05291,0.461876,0.000484397
2.07598,0.587332,0.000374091
2.09905,0.758581,0.00022964
2.12211,0.917334,0.000282482
2.14518,1.0139,0.000418349
2.16824,1.02127,0.000450821
2.19131,0.919424,0.000358369
2.21438,0.780662,0.000266421
2.23744,0.654464,0.000322457
2.26051,0.572474,0.000488965
2.28358,0.573576,0.000526317
