1,-7.54182,0
2,-7.54224,0.000421111
3,-7.54372,0.00149798
4,-7.54506,0.00171224
5,-7.54515,0.00132884
6,-7.54642,0.00167359
7,-7.54625,0.00142428
8,-7.54602,0.00125602
9,-7.54526,0.00134162
10,-7.54558,0.00124191
11,-7.54576,0.00113702
12,-7.54576,0.00103798
13,-7.54621,0.0010542
14,-7.5465,0.00101787
15,-7.54706,0.00109977
16,-7.54652,0.00116012
17,-7.54607,0.00117839
18,-7.5457,0.0011726
19,-7.54597,0.00114179
20,-7.54642,0.00117368
21,-7.54672,0.00115599
22,-7.54666,0.00110408
23,-7.54687,0.00107644
24,-7.54666,0.00105178
25,-7.54656,0.00101432
26,-7.54661,0.00097589
27,-7.54673,0.000946722
28,-7.54667,0.000914261
29,-7.54694,0.000923223
30,-7.54706,0.000899822
31,-7.54704,0.000870482
32,-7.5469,0.000854915
33,-7.54704,0.000840777
34,-7.54706,0.000815995
35,-7.54714,0.000796008
36,-7.54706,0.00077748
37,-7.5471,0.000756994
38,-7.54696,0.000749161
39,-7.54684,0.00073952
40,-7.5468,0.000721934
41,-7.54687,0.000707331
42,-7.54676,0.000698213
43,-7.54656,0.000711932
44,-7.54669,0.000708083
45,-7.54658,0.000700278
46,-7.54674,0.000701615
47,-7.54678,0.000687991
48,-7.54657,0.000705446
49,-7.54653,0.000692092
50,-7.54661,0.000683197
51,-7.54658,0.000670585
52,-7.54669,0.00066739
53,-7.54668,0.000654781
54,-7.54655,0.000656555
55,-7.54648,0.000647702
56,-7.54648,0.000636032
57,-7.5467,0.000661794
58,-7.54666,0.000651429
59,-7.54655,0.00065061
60,-7.54644,0.000648492
61,-7.54646,0.000638268
62,-7.5464,0.000630811
63,-7.54648,0.000625552
64,-7.54652,0.000617124
65,-7.54646,0.000610714
66,-7.54624,0.000639514
67,-7.54634,0.000637617
68,-7.54641,0.000632154
69,-7.54652,0.000631218
70,-7.54646,0.000624959
71,-7.54636,0.000623894
72,-7.54632,0.000616485
73,-7.5462,0.000618721
74,-7.54625,0.00061241
75,-7.54645,0.000633809
76,-7.54645,0.000625453
77,-7.54639,0.000620164
78,-7.54631,0.000617297
79,-7.54625,0.000613137
80,-7.54613,0.000616284
81,-7.54607,0.000612072
82,-7.54606,0.000604579
83,-7.54604,0.000597735
84,-7.54593,0.000600904
85,-7.54601,0.000599236
86,-7.54601,0.000592248
87,-7.5459,0.000595406
88,-7.54577,0.000603339
89,-7.54569,0.000602054
90,-7.54568,0.000595421
91,-7.5457,0.000589407
92,-7.5458,0.000590441
93,-7.54579,0.000584067
94,-7.54579,0.000577822
95,-7.54584,0.000573694
96,-7.54588,0.00056919
97,-7.54582,0.000567172
98,-7.54586,0.000562754
99,-7.54584,0.000557316
100,-7.5458,0.000552978
