1,-5.47025,0
2,-5.46436,0.00589154
3,-5.46471,0.00341952
4,-5.46828,0.00431174
5,-5.46854,0.00334995
6,-5.46877,0.00274441
7,-5.46957,0.0024557
8,-5.46838,0.00244024
9,-5.46689,0.00261615
10,-5.46685,0.00234022
11,-5.46715,0.00213696
12,-5.46614,0.00219626
13,-5.4663,0.00202641
14,-5.46692,0.0019765
15,-5.4669,0.00184011
16,-5.4667,0.00173298
17,-5.46596,0.00178667
18,-5.46544,0.00176258
19,-5.46629,0.00186889
20,-5.46602,0.00179342
21,-5.4661,0.00170807
22,-5.46562,0.00170038
23,-5.46577,0.00163183
24,-5.46599,0.00157774
25,-5.46592,0.00151485
26,-5.46587,0.00145622
27,-5.46565,0.00141898
28,-5.4656,0.00136821
29,-5.46582,0.00133869
30,-5.46589,0.00129494
31,-5.46594,0.00125385
32,-5.46596,0.00121415
33,-5.46562,0.0012261
34,-5.46566,0.00119023
35,-5.46559,0.00115782
36,-5.46564,0.00112618
37,-5.4657,0.00109727
38,-5.46559,0.00107427
39,-5.46569,0.00105125
40,-5.46584,0.00103645
41,-5.46569,0.00102238
42,-5.46578,0.00100214
43,-5.46551,0.001016
44,-5.46543,0.000996218
45,-5.46508,0.00103449
46,-5.46535,0.00104693
47,-5.46554,0.00104266
48,-5.4654,0.00102974
49,-5.46541,0.00100855
50,-5.46534,0.000991031
51,-5.4657,0.00103767
52,-5.46562,0.00102095
53,-5.46557,0.00100261
54,-5.46545,0.000991648
55,-5.46548,0.000973875
56,-5.46545,0.000956802
57,-5.46573,0.000980409
58,-5.46594,0.000986007
59,-5.46561,0.00102298
60,-5.46555,0.00100773
61,-5.46555,0.000991089
62,-5.46546,0.000978807
63,-5.46558,0.000970592
64,-5.46536,0.000981604
65,-5.46527,0.000970513
66,-5.46509,0.000972847
67,-5.46504,0.000959261
68,-5.46518,0.000955507
69,-5.46525,0.00094414
70,-5.46514,0.000937485
71,-5.4652,0.000926396
72,-5.46514,0.000915762
73,-5.46501,0.000912294
74,-5.4651,0.000904048
75,-5.4652,0.000897867
76,-5.46519,0.000886027
77,-5.46502,0.000891224
78,-5.46491,0.000886826
79,-5.46481,0.000881027
80,-5.46481,0.000869957
81,-5.46469,0.000868356
82,-5.46478,0.000862851
83,-5.46476,0.000852663
84,-5.46481,0.000843921
85,-5.46498,0.000850862
86,-5.46477,0.000866326
87,-5.46479,0.000856541
88,-5.46473,0.000848853
89,-5.46479,0.000841566
90,-5.46483,0.000832946
91,-5.46489,0.000826432
92,-5.46499,0.000823495
93,-5.46501,0.000814765
94,-5.46498,0.000806497
95,-5.465,0.000798178
96,-5.46502,0.000790079
97,-5.4648,0.000811768
98,-5.46486,0.000805672
99,-5.46483,0.000798096
100,-5.46474,0.000796127
