0,0,0
0.0256496,0,0
0.0512993,0,0
0.0769489,0,0
0.102599,0,0
0.128248,0,0
0.153898,0,0
0.179547,0,0
0.205197,0,0
0.230847,0,0
0.256496,0,0
0.282146,0,0
0.307796,0,0
0.333445,0,0
0.359095,0,0
0.384745,0,0
0.410394,0,0
0.436044,0,0
0.461694,0,0
0.487343,0,0
0.512993,0,0
0.538642,0,0
0.564292,0,0
0.589942,0,0
0.615591,0,0
0.641241,0,0
0.666891,0,0
0.69254,0,0
0.71819,0,0
0.74384,0,0
0.769489,0,0
0.795139,0,0
0.820788,0,0
0.846438,1.82852e-05,3.15021e-06
0.872088,0.00130185,2.52073e-05
0.897737,0.0242109,0.000124086
0.923387,0.165064,0.000383174
0.949037,0.563741,0.000703016
0.974686,1.2019,0.00118084
1.00034,1.86126,0.00115753
1.02599,2.33528,0.00104699
1.05164,2.55312,0.00106733
1.07728,2.54983,0.00105197
1.10293,2.4087,0.00102017
1.12858,2.20119,0.00089641
1.15423,1.97335,0.000887992
1.17988,1.75577,0.000957525
1.20553,1.55899,0.000909597
1.23118,1.38888,0.000846802
1.25683,1.24496,0.000757292
1.28248,1.12388,0.000706492
1.30813,1.02431,0.000644272
1.33378,0.940268,0.000600438
1.35943,0.873092,0.000505967
1.38508,0.818138,0.00046024
1.41073,0.773477,0.000499808
1.43638,0.737862,0.000488821
1.46203,0.710775,0.000457261
1.48768,0.691338,0.000508803
1.51333,0.678188,0.00051691
1.53898,0.671723,0.000500712
1.56463,0.670731,0.000430878
1.59028,0.674947,0.0004474
1.61593,0.6854,0.000452131
1.64158,0.701251,0.000420202
1.66723,0.722623,0.00047926
1.69288,0.74873,0.000411142
1.71853,0.779826,0.000463661
1.74418,0.815098,0.00046067
1.76983,0.853428,0.000460563
1.79547,0.893875,0.000504053
1.82112,0.935629,0.000452238
1.84677,0.976965,0.000499826
1.87242,1.01892,0.000461308
1.89807,1.05842,0.000497897
1.92372,1.0962,0.000496498
1.94937,1.13115,0.000474012
1.97502,1.16125,0.000452594
2.00067,1.18673,0.000373232
2.02632,1.20483,0.000405695
2.05197,1.21472,0.000402569
2.07762,1.2163,0.000412311
2.10327,1.20929,0.000440391
2.12892,1.19509,0.000490225
2.15457,1.17534,0.000517415
2.18022,1.15084,0.000512061
2.20587,1.12362,0.000482051
2.23152,1.09523,0.000480677
2.25717,1.06579,0.000484645
2.28282,1.0382,0.000447657
2.30847,1.01191,0.000430101
2.33412,0.987365,0.000380811
2.35977,0.965878,0.000377243
2.38542,0.946973,0.00033176
2.41107,0.930846,0.000337738
2.43672,0.918408,0.000340034
2.46237,0.908403,0.000359673
2.48802,0.894422,0.000361318
2.51366,0.885476,0.00037576
2.53931,0.88557,0.000378093
