-6.60457
-6.48557
-6.40901
-6.31114
-6.28034
-6.25469
-6.20844
-6.14383
-6.09763
-6.11898
-6.06501
-6.03923
-5.99127
-5.98099
-5.96257
-5.81381
-5.81562
-5.9078
-5.98074
-6.03088
-5.96252
-6.00875
-5.96334
-5.98563
-5.93456
-5.85406
-5.78147
-5.81985
-5.86671
-5.78053
-5.83512
-5.80793
-5.8072
-5.8056
-5.76325
-5.73562
-5.70812
-5.65872
-5.63671
-5.68826
-5.76072
-5.76276
-5.74455
-5.79224
-5.83513
-5.88516
-5.86094
-5.85703
-5.82793
-5.86786
-5.88406
-5.88166
-5.87295
-5.79513
-5.75273
-5.73489
-5.76306
-5.78744
-5.74373
-5.76976
-5.74353
-5.71615
-5.67225
-5.63329
-5.70158
-5.79718
-5.73065
-5.74849
-5.75209
-5.73183
-5.80701
-5.84552
-5.78546
-5.79464
-5.74108
-5.82544
-5.72648
-5.66118
-5.71274
-5.6239
-5.69524
-5.71626
-5.63611
-5.55363
-5.597
-5.64536
-5.62715
-5.64369
-5.62268
-5.62597
-5.74155
-5.64741
-5.62992
-5.59938
-5.7032
-5.69859
-5.72573
-5.7811
-5.79393
-5.78701
-5.83099
-5.78418
-5.73566
-5.75359
-5.85894
-5.80752
-5.74853
-5.74636
-5.77683
-5.73368
-5.77985
-5.73181
-5.7304
-5.69577
-5.70999
-5.65536
-5.65487
-5.65564
-5.724
-5.71866
-5.57504
-5.65391
-5.55966
-5.5828
-5.60202
-5.60577
-5.66449
-5.64331
-5.64322
-5.57068
-5.48506
-5.42131
-5.5353
-5.45546
-5.47586
-5.43183
-5.42886
-5.41667
-5.39916
-5.53602
-5.51422
-5.61742
-5.56678
-5.62498
-5.60596
-5.60424
-5.63909
-5.59237
-5.63127
-5.55665
-5.54556
-5.52885
-5.57064
-5.67793
-5.6661
-5.63174
-5.53463
-5.63488
-5.51253
-5.40618
-5.46456
-5.52278
-5.57354
-5.5837
-5.50575
-5.50486
-5.62317
-5.59488
-5.62611
-5.61275
-5.70211
-5.64455
-5.61748
-5.67312
-5.55673
-5.6402
-5.61775
-5.61289
-5.59546
-5.50401
-5.53467
-5.64188
-5.61045
-5.64415
-5.57081
-5.55622
-5.53727
-5.50887
-5.51412
-5.48748
-5.55777
-5.66046
-5.6314
-5.64906
-5.6103
-5.63945
-5.70656
-5.75108
-5.66032
-5.67491
-5.76041
-5.61266
-5.60377
-5.5362
-5.55851
-5.57791
-5.58351
-5.54639
-5.6247
-5.54736
-5.51858
-5.56309
-5.56334
-5.44783
-5.47747
-5.56066
-5.5041
-5.48189
-5.43097
-5.37962
-5.48967
-5.52273
-5.44245
-5.40938
-5.46037
-5.44298
-5.4579
-5.42547
-5.52079
-5.43994
-5.42184
-5.46866
-5.57427
-5.60687
-5.5315
-5.46791
-5.44859
-5.41935
-5.53474
-5.44381
-5.44409
-5.36935
-5.38249
-5.42982
-5.38598
-5.45616
-5.40635
-5.53105
-5.54883
-5.4219
-5.36127
-5.36415
-5.33505
-5.39027
-5.45062
-5.46385
-5.50992
-5.56552
-5.555
-5.40288
-5.42975
-5.41643
-5.41895
-5.44611
-5.43393
-5.45841
-5.57739
-5.49482
-5.39696
-5.3403
-5.39082
-5.43048
-5.56007
-5.66405
-5.61311
-5.52962
-5.5102
-5.57123
-5.41797
-5.46302
-5.48472
-5.43668
-5.46437
-5.41656
-5.34871
-5.55194
-5.59812
-5.60689
-5.42615
-5.46849
-5.43821
-5.49068
-5.4469
-5.44531
-5.46276
-5.50313
-5.48227
-5.41238
-5.38273
-5.48511
-5.58758
-5.50598
-5.52293
-5.50865
-5.45917
-5.50698
-5.53568
-5.53507
-5.63235
-5.65574
-5.56497
-5.5675
-5.5208
-5.47428
-5.63812
-5.65972
-5.59882
-5.52195
-5.5623
-5.45987
-5.46332
-5.52699
-5.54712
-5.53699
-5.3584
-5.3189
-5.41159
-5.46102
-5.44351
-5.48867
-5.46894
-5.47006
-5.52416
-5.59732
-5.57271
-5.55115
-5.67355
-5.64531
-5.65601
-5.65033
-5.67741
-5.69186
-5.62385
-5.57576
-5.58342
-5.47847
-5.5236
-5.5363
-5.41442
-5.4195
-5.30811
-5.34689
-5.38546
-5.37709
-5.4737
-5.48998
-5.48909
-5.53392
-5.50154
-5.55252
-5.51615
-5.47841
-5.58832
-5.55848
-5.52458
-5.44854
-5.43905
-5.43614
-5.34075
-5.43118
-5.45408
-5.48561
-5.46758
-5.4546
-5.42603
-5.50528
-5.49865
-5.46504
-5.44401
-5.49457
-5.48305
-5.50506
-5.40806
-5.53303
-5.52339
-5.50006
-5.35191
-5.3495
-5.34543
-5.27713
-5.33099
-5.39896
-5.46658
-5.4962
-5.42711
-5.41163
-5.5361
-5.57582
-5.49761
-5.47464
-5.40198
-5.44115
-5.44998
-5.49224
-5.39611
-5.54099
-5.51763
-5.49437
-5.49192
-5.39299
-5.54729
-5.63303
-5.57164
-5.53114
-5.47745
-5.42945
-5.41804
-5.42128
-5.40952
-5.43196
-5.5299
-5.47179
-5.46708
-5.47329
-5.40624
-5.45975
-5.5015
-5.56951
-5.59838
-5.53489
-5.41506
-5.41881
-5.53875
-5.61496
-5.61043
-5.62309
-5.52476
-5.5013
-5.45062
-5.51979
-5.48469
-5.47116
-5.4039
-5.48764
-5.42236
-5.49292
-5.4956
-5.46655
-5.4247
-5.39
-5.39968
-5.3493
-5.32519
-5.4345
-5.33042
-5.38363
-5.27988
-5.27532
-5.33092
-5.38037
-5.34139
-5.45247
-5.59686
-5.62418
-5.59791
-5.61641
-5.56349
-5.48044
-5.48302
-5.55151
-5.45331
-5.43178
-5.46946
-5.4916
-5.54569
-5.48375
-5.47081
-5.51065
-5.55406
-5.60659
-5.64411
-5.66089
-5.64702
-5.57575
-5.46522
-5.51333
-5.62041
-5.63322
-5.61973
-5.6321
-5.64182
-5.48825
-5.47759
-5.47499
-5.40063
-5.42575
-5.46802
-5.50046
-5.52244
-5.47396
-5.55062
-5.51753
-5.49522
-5.48663
-5.48594
-5.45131
-5.3763
-5.41913
-5.39332
-5.38329
-5.40436
-5.33473
-5.36756
-5.30166
-5.2638
-5.27294
-5.34506
-5.43414
-5.47645
-5.46261
-5.54365
-5.38772
-5.37971
-5.39593
-5.31018
-5.35108
-5.45702
-5.43257
-5.41519
-5.4337
-5.4829
-5.46792
-5.50663
-5.52508
-5.5883
-5.60368
-5.61697
-5.60323
-5.50247
-5.48271
-5.55404
-5.64176
-5.54921
-5.6121
-5.54003
-5.54408
-5.65293
-5.61447
-5.59074
-5.5366
-5.5557
-5.6387
-5.61135
-5.51679
-5.4653
-5.4498
-5.48479
-5.39799
-5.37146
-5.43762
-5.28224
-5.30188
-5.36275
-5.27483
-5.20044
-5.29207
-5.34241
-5.2509
-5.28471
-5.31937
-5.31915
-5.34367
-5.36008
-5.38215
-5.32058
-5.42639
-5.44001
-5.49798
-5.36044
-5.40192
-5.38692
-5.49203
-5.4568
-5.50189
-5.46233
-5.48438
-5.44376
-5.4425
-5.3954
-5.47889
-5.50593
-5.47458
-5.4402
-5.4
-5.35189
-5.42563
-5.53588
-5.54809
-5.60483
-5.56027
-5.42921
-5.42066
-5.46555
-5.62571
-5.62364
-5.60729
-5.51774
-5.57164
-5.63453
-5.75136
-5.69201
-5.68667
-5.70469
-5.65204
-5.54311
-5.50812
-5.52926
-5.62984
-5.6365
-5.55595
-5.61912
-5.56671
-5.53322
-5.58198
-5.56151
-5.52734
-5.50973
-5.59955
-5.61754
-5.58521
-5.54439
-5.54635
-5.5953
-5.5851
-5.50297
-5.38824
-5.28305
-5.37302
-5.36452
-5.42124
-5.43032
-5.43159
-5.53333
-5.55966
-5.50829
-5.56619
-5.55851
-5.58341
-5.56783
-5.63676
-5.57048
-5.61948
-5.51859
-5.52068
-5.57927
-5.5638
-5.59492
-5.56896
-5.43597
-5.43114
-5.41625
-5.47101
-5.47154
-5.49026
-5.52243
-5.59542
-5.63829
-5.5343
-5.54953
-5.53077
-5.62852
-5.65525
-5.6839
-5.64229
-5.54608
-5.53448
-5.47506
-5.48785
-5.51599
-5.6083
-5.49061
-5.47868
-5.54331
-5.50221
-5.60914
-5.64367
-5.67238
-5.52865
-5.48283
-5.45636
-5.50922
-5.5159
-5.46025
-5.52027
-5.54986
-5.42412
-5.38489
-5.40793
-5.47299
-5.44681
-5.50085
-5.4885
-5.36775
-5.45028
-5.45651
-5.48047
-5.44602
-5.49074
-5.45424
-5.42852
-5.49009
-5.50378
-5.5448
-5.5575
-5.52385
-5.50604
-5.58406
-5.60515
-5.5911
-5.57553
-5.50332
-5.48212
-5.47736
-5.48672
-5.55138
-5.56456
-5.55255
-5.54032
-5.51566
-5.54393
-5.50789
-5.44384
-5.44266
-5.33399
-5.40001
-5.39471
-5.48083
-5.49286
-5.48018
-5.52179
-5.3937
-5.37587
-5.31276
-5.39553
-5.34181
-5.346
-5.39592
-5.351
-5.35256
-5.44769
-5.37995
-5.42348
-5.49844
-5.32595
-5.39661
-5.48518
-5.43867
-5.46995
-5.44754
-5.5392
-5.55598
-5.55037
-5.66348
-5.54748
-5.58065
-5.58644
-5.63286
-5.53252
-5.45861
-5.48498
-5.46768
-5.41156
-5.48443
-5.46278
-5.36574
-5.47129
-5.51424
-5.47657
-5.42133
-5.49352
-5.50727
-5.49109
-5.45454
-5.48085
-5.4276
-5.47365
-5.50477
-5.52758
-5.55549
-5.52562
-5.70441
-5.61437
-5.54689
-5.56186
-5.64714
-5.63271
-5.62458
-5.67239
-5.66058
-5.60629
