1,1.35977,0
2,1.3922,0.0324266
3,1.38598,0.0197269
4,1.37047,0.0208582
5,1.37218,0.0162466
6,1.37171,0.0132736
7,1.37123,0.0112285
8,1.3767,0.0111562
9,1.3849,0.0128064
10,1.38375,0.0115111
11,1.3831,0.0104329
12,1.38891,0.0111595
13,1.38763,0.0103459
14,1.38586,0.00974035
15,1.38605,0.00906981
16,1.38793,0.00868922
17,1.39134,0.00884631
18,1.39326,0.00855952
19,1.38965,0.00886484
20,1.39073,0.00847914
21,1.39134,0.00808787
22,1.39462,0.00837988
23,1.39395,0.0080353
24,1.39264,0.0078032
25,1.39267,0.00748463
26,1.39272,0.00719113
27,1.39426,0.00708922
28,1.39489,0.00686057
29,1.39362,0.00674011
30,1.39294,0.006547
31,1.3925,0.00634734
32,1.3919,0.00617551
33,1.39322,0.00612905
34,1.39296,0.00595161
35,1.3927,0.00578479
36,1.39297,0.00562796
37,1.39271,0.00547984
38,1.39319,0.00535541
39,1.39315,0.00521641
40,1.39232,0.00515304
41,1.39316,0.00509555
42,1.39266,0.00499701
43,1.39365,0.00497847
44,1.3943,0.00490694
45,1.39598,0.00508131
46,1.39472,0.00512695
47,1.39396,0.00507397
48,1.39473,0.00502706
49,1.39431,0.00494121
50,1.39442,0.00484269
51,1.39266,0.00506328
52,1.39288,0.00496974
53,1.39312,0.00488078
54,1.39337,0.00479622
55,1.39306,0.00471832
56,1.39282,0.00463932
57,1.39162,0.00471358
58,1.39044,0.00478056
59,1.39202,0.00495939
60,1.39247,0.00489704
61,1.39195,0.00484413
62,1.39228,0.00477678
63,1.39148,0.00476833
64,1.39283,0.00488221
65,1.39318,0.00481905
66,1.39383,0.00479082
67,1.39428,0.00473956
68,1.39381,0.00469243
69,1.39372,0.00462485
70,1.39444,0.00461537
71,1.3944,0.00455009
72,1.39459,0.0044904
73,1.39485,0.00443588
74,1.39444,0.00439436
75,1.39404,0.00435407
76,1.39406,0.00429648
77,1.39493,0.00432899
78,1.39521,0.00428221
79,1.39582,0.00427071
80,1.39575,0.00421748
81,1.3966,0.00425132
82,1.39591,0.00425688
83,1.39619,0.00421477
84,1.39577,0.00418499
85,1.39485,0.00423787
86,1.39576,0.00428761
87,1.39556,0.00424279
88,1.39569,0.00419614
89,1.39545,0.00415533
90,1.39515,0.00411994
91,1.39473,0.00409672
92,1.39426,0.00407813
93,1.39411,0.00403686
94,1.39435,0.00400051
95,1.394,0.00397301
96,1.39377,0.00393853
97,1.39484,0.00404167
98,1.39448,0.00401643
99,1.39465,0.00397946
100,1.39503,0.00395759
