-4.82618
-4.156
-3.68417
-3.17233
-2.93104
-2.80563
-2.5494
-2.22562
-1.97538
-2.10543
-1.71661
-1.58801
-1.39858
-1.30889
-1.27641
-0.62094
-0.630125
-1.09205
-1.38201
-1.55595
-1.2868
-1.43208
-1.22414
-1.29672
-1.07593
-0.72863
-0.401904
-0.57816
-0.707741
-0.324922
-0.612803
-0.513958
-0.509265
-0.471902
-0.30001
-0.183499
-0.0345373
0.196038
0.437825
0.229836
-0.177658
-0.144937
-0.161999
-0.433807
-0.522952
-0.778098
-0.595637
-0.602935
-0.521555
-0.749671
-0.780679
-0.744112
-0.678631
-0.284617
-0.0483922
-0.0035677
-0.174606
-0.241495
-0.000868015
-0.0432805
0.0431807
0.108112
0.204329
0.393306
0.17475
-0.319881
-0.028561
-0.112554
-0.216618
-0.133429
-0.462208
-0.562365
-0.306348
-0.189556
0.0684166
-0.291293
0.137365
0.50373
0.313439
0.670343
0.421536
0.208183
0.646923
0.967254
0.772573
0.649373
0.793058
0.638754
0.657963
0.576964
0.069617
0.463819
0.53682
0.520678
0.202617
0.269236
0.160932
-0.0340441
-0.157457
-0.135402
-0.318827
-0.0160011
0.167532
0.0393957
-0.47512
-0.190123
0.0581504
-0.0255304
-0.160522
0.0616538
-0.0969884
0.0203171
0.0592895
0.170842
0.0912826
0.357263
0.366967
0.360135
0.130142
0.133458
0.834297
0.441783
0.840571
0.66816
0.558398
0.617157
0.298354
0.397854
0.435282
0.780012
1.18123
1.41443
0.848378
1.15259
1.16718
1.4213
1.47103
1.58632
1.61474
0.996904
1.03508
0.600518
0.744554
0.574426
0.636071
0.698599
0.561004
0.776315
0.687137
0.952272
1.0505
1.10668
0.917046
0.308387
0.487938
0.53525
0.976957
0.602061
1.24117
1.86527
1.55803
1.23663
0.951189
0.917119
1.18103
1.16768
0.629235
0.841543
0.682475
0.720843
0.379098
0.549459
0.725196
0.456634
1.0387
0.588696
0.662964
0.620209
0.654979
1.00607
0.952939
0.452485
0.587669
0.388257
0.649955
0.770363
0.896919
1.10229
1.04988
1.14818
0.846388
0.463872
0.610767
0.602849
0.708661
0.585462
0.239035
0.17565
0.497622
0.42276
-0.0590296
0.554785
0.626411
0.973786
0.879051
0.795294
0.807555
1.09078
0.673924
1.00233
1.00504
0.89253
0.824226
1.48158
1.3417
0.982663
1.23469
1.31814
1.46737
1.65834
1.14326
0.994714
1.29788
1.46206
1.33959
1.38035
1.37207
1.49259
1.09047
1.3611
1.41664
1.2348
0.745172
0.679504
0.969865
1.27815
1.33842
1.44799
0.973296
1.36655
1.40326
1.60344
1.5935
1.41927
1.63067
1.29635
1.49381
1.05503
0.912412
1.46108
1.71686
1.72956
1.83865
1.66745
1.36743
1.28677
1.01339
0.800254
0.82281
1.49135
1.44053
1.53686
1.48788
1.27954
1.37692
1.29065
0.753597
1.21683
1.68365
1.88477
1.68157
1.5279
0.935019
0.550883
0.818374
1.15305
1.20142
0.914559
1.52109
1.40297
1.27634
1.35598
1.13374
1.33576
1.64141
0.754794
0.640972
0.627764
1.45489
1.21339
1.42566
1.09146
1.25799
1.25814
1.20199
1.00601
1.13212
1.47242
1.68934
1.32053
0.804997
1.23679
1.11518
1.23865
1.38616
1.08468
0.879239
0.989759
0.528441
0.338709
0.796983
0.834678
1.09173
1.30098
0.444643
0.43919
0.69578
1.08175
0.838448
1.3347
1.34475
1.01702
0.915838
0.982517
1.69921
1.88118
1.48077
1.38881
1.42365
1.28529
1.38161
1.3272
1.09587
0.806069
0.869243
1.01969
0.505583
0.509901
0.550764
0.581634
0.4527
0.35186
0.695666
0.903409
0.817242
1.21545
0.944221
0.860871
1.47153
1.50598
1.96059
1.88919
1.70917
1.76677
1.33641
1.21105
1.22891
1.0912
1.14022
0.864229
1.07544
1.28068
0.837018
0.904392
1.0988
1.43105
1.43962
1.41297
1.80726
1.43542
1.35022
1.23061
1.38141
1.4378
1.55941
1.1974
1.3113
1.38491
1.45506
1.19632
1.31478
1.10708
1.45166
1.05921
1.15749
1.10811
1.78832
1.8387
1.90277
2.12503
1.81621
1.58861
1.33075
1.24151
1.52426
1.41737
0.904664
0.716293
1.11502
1.26351
1.6453
1.5022
1.48356
1.36739
1.70152
0.994115
1.07307
1.11364
1.12198
1.57951
0.912068
0.509795
0.832723
1.02301
1.17453
1.47283
1.44419
1.35271
1.44222
1.4396
0.979865
1.1872
1.12824
1.10716
1.2959
1.12139
0.918465
0.69863
0.57108
0.869708
1.4819
1.47199
0.974034
0.610606
0.669086
0.654548
1.03105
1.14541
1.46796
1.15105
1.23654
1.2916
1.62042
1.21673
1.56739
1.25269
1.21255
1.27638
1.39322
1.54284
1.40661
1.63142
1.7561
1.35331
1.82175
1.59367
1.99794
2.09962
1.86003
1.68037
1.86484
1.30611
0.729707
0.575617
0.685658
0.649268
0.829142
1.15755
1.16001
0.881451
1.24931
1.32404
1.17207
1.05032
0.897138
1.23157
1.30226
1.21285
0.919312
0.708494
0.475366
0.348265
0.424144
0.737012
1.25893
1.06773
0.632814
0.507302
0.539724
0.446839
0.422432
1.18838
1.12475
1.18176
1.57167
1.39689
1.22951
1.11508
1.07921
1.29391
0.99005
1.06958
1.19077
1.21194
1.16939
1.25825
1.60259
1.32471
1.44133
1.54616
1.57541
1.8586
1.68257
2.00707
2.14735
2.14099
1.82394
1.5222
1.28381
1.36599
0.98509
1.59112
1.67484
1.62383
1.98269
1.81061
1.40657
1.53091
1.54678
1.42324
1.23755
1.38812
1.30606
1.26388
0.904853
0.915724
0.800882
0.756195
1.02259
1.05795
0.736368
0.416541
0.776174
0.483889
0.822819
0.896829
0.381403
0.542097
0.711249
0.841694
0.758976
0.511519
0.666366
1.01208
1.22523
1.27955
1.18325
1.60215
1.77402
1.51795
2.1864
2.18608
1.86405
2.17801
2.45339
2.1017
1.90005
2.22526
2.08955
1.91056
1.91649
1.89326
1.79147
1.63105
1.91826
1.44587
1.40554
1.27475
1.81561
1.55241
1.46643
1.10489
1.28523
1.20171
1.31632
1.18859
1.32816
1.36905
1.60232
1.19313
1.103
1.23932
1.47564
1.61082
1.81117
1.52144
1.01572
1.04073
0.79668
0.917702
1.49468
1.51954
1.29352
0.606115
0.554007
0.612953
1.04848
0.771847
0.423103
-0.0189925
0.171005
0.219796
0.165854
0.377991
0.679203
0.908815
0.7731
0.341605
0.353401
0.677574
0.482481
0.761731
0.922334
0.796238
0.901825
1.03663
1.05658
0.662438
0.562928
0.722072
0.91001
0.887386
0.638038
0.711387
1.09117
1.53841
1.96371
1.63252
1.74184
1.64806
1.5473
1.42695
1.03402
0.96455
1.13104
0.904881
0.884921
0.715439
0.775702
0.537854
0.747154
0.620012
1.00237
0.979869
0.732639
0.83483
0.733267
0.879973
1.31581
1.26436
1.3894
1.21274
1.24
1.19368
0.914174
0.60067
0.493852
0.918195
0.885723
1.02313
0.617872
0.518548
0.395534
0.581047
1.08448
1.07807
1.36716
1.34005
1.2966
0.845841
1.40546
1.35779
1.14264
1.26522
0.743177
0.643804
0.56967
1.09218
1.33255
1.43308
1.21356
1.21969
1.48337
1.2225
1.00338
1.46511
1.62504
1.5242
1.28641
1.29183
1.07923
1.146
1.73503
1.27993
1.25311
1.19539
1.37563
1.11241
1.18209
1.37375
1.10326
1.13357
0.956647
0.851623
0.972328
0.950494
0.600316
0.532242
0.592102
0.679255
0.98443
1.05224
1.06407
1.1317
0.856205
0.815655
0.847986
0.968402
1.0802
0.899746
1.08234
1.48884
1.51539
1.99201
1.69506
1.68985
1.29219
1.21295
1.34698
1.10995
1.63305
1.73824
2.09183
1.72628
1.92421
1.88416
1.71823
1.89193
1.88577
1.45663
1.7424
1.65432
1.28436
2.04569
1.73511
1.43444
1.57117
1.30873
1.37264
1.01013
0.896853
0.866248
0.367443
0.933187
0.811159
0.800881
0.587981
1.0293
1.30377
1.18662
1.34846
1.53132
1.31406
1.39688
1.80108
1.29081
1.13682
1.26526
1.45383
1.07549
1.01487
1.09793
1.30459
1.25775
1.51974
1.40722
1.27743
1.26896
1.07248
1.08194
0.352057
0.698789
1.00396
0.956766
0.568104
0.612819
0.643643
0.466439
0.426077
0.715642
