0.762,0.562,-0.414082
0.762,0.564,-0.417279
0.762,0.566,-0.422556
0.762,0.568,-0.418801
0.762,0.57,-0.424019
0.762,0.572,-0.421608
0.762,0.574,-0.426063
0.762,0.576,-0.425164
0.762,0.578,-0.427483
0.762,0.58,-0.430126
0.762,0.582,-0.426305
0.762,0.584,-0.431495
0.762,0.586,-0.430171
0.762,0.588,-0.433579
0.762,0.59,-0.429541
0.762,0.592,-0.435229
0.762,0.594,-0.430947
0.762,0.596,-0.437594
0.762,0.598,-0.437537
0.762,0.6,-0.436138
0.762,0.602,-0.439486
0.762,0.604,-0.440379
0.762,0.606,-0.437707
0.762,0.608,-0.436834
0.762,0.61,-0.440636
0.762,0.612,-0.43732
0.762,0.614,-0.440603
0.762,0.616,-0.43934
0.762,0.618,-0.443807
0.762,0.62,-0.440172
0.762,0.622,-0.441269
0.762,0.624,-0.439856
0.762,0.626,-0.441339
0.762,0.628,-0.437115
0.762,0.63,-0.442318
0.762,0.632,-0.436664
0.762,0.634,-0.441814
0.762,0.636,-0.437461
0.762,0.638,-0.436713
0.762,0.64,-0.433029
0.764,0.562,-0.415263
0.764,0.564,-0.418797
0.764,0.566,-0.419675
0.764,0.568,-0.418206
0.764,0.57,-0.419639
0.764,0.572,-0.427969
0.764,0.574,-0.420571
0.764,0.576,-0.429194
0.764,0.578,-0.42269
0.764,0.58,-0.430051
0.764,0.582,-0.431375
0.764,0.584,-0.427745
0.764,0.586,-0.435678
0.764,0.588,-0.428884
0.764,0.59,-0.434177
0.764,0.592,-0.43388
0.764,0.594,-0.436081
0.764,0.596,-0.435921
0.764,0.598,-0.435415
0.764,0.6,-0.439898
0.764,0.602,-0.436761
0.764,0.604,-0.434706
0.764,0.606,-0.440612
0.764,0.608,-0.438375
0.764,0.61,-0.440322
0.764,0.612,-0.438421
0.764,0.614,-0.437598
0.764,0.616,-0.438791
0.764,0.618,-0.443775
0.764,0.62,-0.438056
0.764,0.622,-0.436315
0.764,0.624,-0.439533
0.764,0.626,-0.439695
0.764,0.628,-0.440634
0.764,0.63,-0.442207
0.764,0.632,-0.439334
0.764,0.634,-0.435486
0.764,0.636,-0.438781
0.764,0.638,-0.43812
0.764,0.64,-0.433154
0.766,0.562,-0.413407
0.766,0.564,-0.419993
0.766,0.566,-0.42182
0.766,0.568,-0.42124
0.766,0.57,-0.419846
0.766,0.572,-0.4225
0.766,0.574,-0.42349
0.766,0.576,-0.424419
0.766,0.578,-0.436848
0.766,0.58,-0.431221
0.766,0.582,-0.436742
0.766,0.584,-0.430878
0.766,0.586,-0.43724
0.766,0.588,-0.436987
0.766,0.59,-0.433642
0.766,0.592,-0.432157
0.766,0.594,-0.437062
0.766,0.596,-0.435202
0.766,0.598,-0.439871
0.766,0.6,-0.438519
0.766,0.602,-0.433988
0.766,0.604,-0.436258
0.766,0.606,-0.443534
0.766,0.608,-0.443781
0.766,0.61,-0.442459
0.766,0.612,-0.439281
0.766,0.614,-0.439511
0.766,0.616,-0.441752
0.766,0.618,-0.441446
0.766,0.62,-0.439429
0.766,0.622,-0.442501
0.766,0.624,-0.436213
0.766,0.626,-0.441261
0.766,0.628,-0.436927
0.766,0.63,-0.441163
0.766,0.632,-0.438602
0.766,0.634,-0.441186
0.766,0.636,-0.435697
0.766,0.638,-0.439025
0.766,0.64,-0.437918
0.768,0.562,-0.413422
0.768,0.564,-0.416013
0.768,0.566,-0.423958
0.768,0.568,-0.420102
0.768,0.57,-0.428732
0.768,0.572,-0.4247
0.768,0.574,-0.420726
0.768,0.576,-0.431374
0.768,0.578,-0.426136
0.768,0.58,-0.428184
0.768,0.582,-0.430522
0.768,0.584,-0.43182
0.768,0.586,-0.432304
0.768,0.588,-0.433729
0.768,0.59,-0.434403
0.768,0.592,-0.439359
0.768,0.594,-0.436679
0.768,0.596,-0.43685
0.768,0.598,-0.438491
0.768,0.6,-0.435292
0.768,0.602,-0.436726
0.768,0.604,-0.437464
0.768,0.606,-0.442253
0.768,0.608,-0.441692
0.768,0.61,-0.440596
0.768,0.612,-0.437337
0.768,0.614,-0.438491
0.768,0.616,-0.440837
0.768,0.618,-0.442409
0.768,0.62,-0.438395
0.768,0.622,-0.443625
0.768,0.624,-0.439124
0.768,0.626,-0.443685
0.768,0.628,-0.440698
0.768,0.63,-0.437385
0.768,0.632,-0.438891
0.768,0.634,-0.437054
0.768,0.636,-0.437553
0.768,0.638,-0.433217
0.768,0.64,-0.43747
0.77,0.562,-0.412185
0.77,0.564,-0.420155
0.77,0.566,-0.422775
0.77,0.568,-0.421372
0.77,0.57,-0.426005
0.77,0.572,-0.419556
0.77,0.574,-0.42975
0.77,0.576,-0.429603
0.77,0.578,-0.427685
0.77,0.58,-0.429347
0.77,0.582,-0.433838
0.77,0.584,-0.433907
0.77,0.586,-0.433465
0.77,0.588,-0.437335
0.77,0.59,-0.438196
0.77,0.592,-0.440604
0.77,0.594,-0.434393
0.77,0.596,-0.438029
0.77,0.598,-0.440194
0.77,0.6,-0.440389
0.77,0.602,-0.439708
0.77,0.604,-0.441644
0.77,0.606,-0.444334
0.77,0.608,-0.441417
0.77,0.61,-0.443475
0.77,0.612,-0.438471
0.77,0.614,-0.43885
0.77,0.616,-0.440532
0.77,0.618,-0.439371
0.77,0.62,-0.443969
0.77,0.622,-0.442646
0.77,0.624,-0.440573
0.77,0.626,-0.441999
0.77,0.628,-0.440078
0.77,0.63,-0.441653
0.77,0.632,-0.437368
0.77,0.634,-0.43932
0.77,0.636,-0.436545
0.77,0.638,-0.431154
0.77,0.64,-0.436494
0.772,0.562,-0.419139
0.772,0.564,-0.407571
0.772,0.566,-0.421595
0.772,0.568,-0.427491
0.772,0.57,-0.427083
0.772,0.572,-0.427289
0.772,0.574,-0.424262
0.772,0.576,-0.430468
0.772,0.578,-0.430888
0.772,0.58,-0.43089
0.772,0.582,-0.433699
0.772,0.584,-0.433165
0.772,0.586,-0.438759
0.772,0.588,-0.435885
0.772,0.59,-0.438519
0.772,0.592,-0.43703
0.772,0.594,-0.437521
0.772,0.596,-0.438806
0.772,0.598,-0.436732
0.772,0.6,-0.43853
0.772,0.602,-0.438493
0.772,0.604,-0.438607
0.772,0.606,-0.441269
0.772,0.608,-0.43892
0.772,0.61,-0.438167
0.772,0.612,-0.435168
0.772,0.614,-0.441873
0.772,0.616,-0.44307
0.772,0.618,-0.442937
0.772,0.62,-0.442867
0.772,0.622,-0.4389
0.772,0.624,-0.442722
0.772,0.626,-0.440239
0.772,0.628,-0.442292
0.772,0.63,-0.436685
0.772,0.632,-0.43672
0.772,0.634,-0.438953
0.772,0.636,-0.436439
0.772,0.638,-0.443155
0.772,0.64,-0.435505
0.774,0.562,-0.420073
0.774,0.564,-0.416312
0.774,0.566,-0.427827
0.774,0.568,-0.420744
0.774,0.57,-0.42511
0.774,0.572,-0.425333
0.774,0.574,-0.42855
0.774,0.576,-0.424572
0.774,0.578,-0.427984
0.774,0.58,-0.432522
0.774,0.582,-0.43092
0.774,0.584,-0.434594
0.774,0.586,-0.436341
0.774,0.588,-0.428608
0.774,0.59,-0.436635
0.774,0.592,-0.434026
0.774,0.594,-0.435764
0.774,0.596,-0.438202
0.774,0.598,-0.438056
0.774,0.6,-0.440082
0.774,0.602,-0.438422
0.774,0.604,-0.442982
0.774,0.606,-0.440183
0.774,0.608,-0.442734
0.774,0.61,-0.440223
0.774,0.612,-0.442701
0.774,0.614,-0.443495
0.774,0.616,-0.441498
0.774,0.618,-0.441741
0.774,0.62,-0.443799
0.774,0.622,-0.44481
0.774,0.624,-0.437797
0.774,0.626,-0.436427
0.774,0.628,-0.441382
0.774,0.63,-0.43779
0.774,0.632,-0.436904
0.774,0.634,-0.436398
0.774,0.636,-0.437752
0.774,0.638,-0.433841
0.774,0.64,-0.438534
0.776,0.562,-0.422071
0.776,0.564,-0.412716
0.776,0.566,-0.420364
0.776,0.568,-0.418198
0.776,0.57,-0.424252
0.776,0.572,-0.429446
0.776,0.574,-0.427672
0.776,0.576,-0.427307
0.776,0.578,-0.434249
0.776,0.58,-0.430019
0.776,0.582,-0.435051
0.776,0.584,-0.437586
0.776,0.586,-0.435941
0.776,0.588,-0.435163
0.776,0.59,-0.436164
0.776,0.592,-0.438432
0.776,0.594,-0.438461
0.776,0.596,-0.442452
0.776,0.598,-0.439407
0.776,0.6,-0.442418
0.776,0.602,-0.440382
0.776,0.604,-0.441572
0.776,0.606,-0.441144
0.776,0.608,-0.438509
0.776,0.61,-0.443498
0.776,0.612,-0.438183
0.776,0.614,-0.438826
0.776,0.616,-0.443826
0.776,0.618,-0.438776
0.776,0.62,-0.443855
0.776,0.622,-0.438789
0.776,0.624,-0.44681
0.776,0.626,-0.442886
0.776,0.628,-0.438869
0.776,0.63,-0.442314
0.776,0.632,-0.437309
0.776,0.634,-0.446209
0.776,0.636,-0.44276
0.776,0.638,-0.441559
0.776,0.64,-0.438619
0.778,0.562,-0.41699
0.778,0.564,-0.41516
0.778,0.566,-0.422993
0.778,0.568,-0.423715
0.778,0.57,-0.423804
0.778,0.572,-0.424711
0.778,0.574,-0.431157
0.778,0.576,-0.429203
0.778,0.578,-0.427752
0.778,0.58,-0.432861
0.778,0.582,-0.437877
0.778,0.584,-0.429867
0.778,0.586,-0.436662
0.778,0.588,-0.436672
0.778,0.59,-0.435732
0.778,0.592,-0.438925
0.778,0.594,-0.440721
0.778,0.596,-0.437465
0.778,0.598,-0.440144
0.778,0.6,-0.438829
0.778,0.602,-0.435912
0.778,0.604,-0.441166
0.778,0.606,-0.437186
0.778,0.608,-0.445785
0.778,0.61,-0.444076
0.778,0.612,-0.442722
0.778,0.614,-0.441931
0.778,0.616,-0.444792
0.778,0.618,-0.443817
0.778,0.62,-0.440942
0.778,0.622,-0.447011
0.778,0.624,-0.438756
0.778,0.626,-0.440695
0.778,0.628,-0.443258
0.778,0.63,-0.438733
0.778,0.632,-0.436094
0.778,0.634,-0.439484
0.778,0.636,-0.439614
0.778,0.638,-0.440919
0.778,0.64,-0.436643
0.78,0.562,-0.418648
0.78,0.564,-0.425612
0.78,0.566,-0.417287
0.78,0.568,-0.422271
0.78,0.57,-0.424485
0.78,0.572,-0.425929
0.78,0.574,-0.433201
0.78,0.576,-0.435094
0.78,0.578,-0.430456
0.78,0.58,-0.428069
0.78,0.582,-0.430295
0.78,0.584,-0.434913
0.78,0.586,-0.437265
0.78,0.588,-0.441499
0.78,0.59,-0.442862
0.78,0.592,-0.437093
0.78,0.594,-0.44181
0.78,0.596,-0.44106
0.78,0.598,-0.442235
0.78,0.6,-0.439588
0.78,0.602,-0.442376
0.78,0.604,-0.443572
0.78,0.606,-0.445841
0.78,0.608,-0.448382
0.78,0.61,-0.441082
0.78,0.612,-0.441086
0.78,0.614,-0.440359
0.78,0.616,-0.442046
0.78,0.618,-0.446142
0.78,0.62,-0.440613
0.78,0.622,-0.442531
0.78,0.624,-0.442526
0.78,0.626,-0.443243
0.78,0.628,-0.442098
0.78,0.63,-0.43913
0.78,0.632,-0.440282
0.78,0.634,-0.437888
0.78,0.636,-0.447609
0.78,0.638,-0.435419
0.78,0.64,-0.440448
0.782,0.562,-0.415357
0.782,0.564,-0.419783
0.782,0.566,-0.422486
0.782,0.568,-0.421384
0.782,0.57,-0.427517
0.782,0.572,-0.425926
0.782,0.574,-0.430356
0.782,0.576,-0.427882
0.782,0.578,-0.432165
0.782,0.58,-0.432863
0.782,0.582,-0.433366
0.782,0.584,-0.434538
0.782,0.586,-0.430768
0.782,0.588,-0.438442
0.782,0.59,-0.439326
0.782,0.592,-0.443038
0.782,0.594,-0.440362
0.782,0.596,-0.436598
0.782,0.598,-0.441232
0.782,0.6,-0.440318
0.782,0.602,-0.440778
0.782,0.604,-0.444491
0.782,0.606,-0.44243
0.782,0.608,-0.444299
0.782,0.61,-0.443242
0.782,0.612,-0.438966
0.782,0.614,-0.446212
0.782,0.616,-0.442185
0.782,0.618,-0.4428
0.782,0.62,-0.44361
0.782,0.622,-0.442469
0.782,0.624,-0.440684
0.782,0.626,-0.440276
0.782,0.628,-0.440349
0.782,0.63,-0.441957
0.782,0.632,-0.440611
0.782,0.634,-0.444903
0.782,0.636,-0.439771
0.782,0.638,-0.439814
0.782,0.64,-0.439903
0.784,0.562,-0.418674
0.784,0.564,-0.418208
0.784,0.566,-0.42229
0.784,0.568,-0.421304
0.784,0.57,-0.425299
0.784,0.572,-0.428666
0.784,0.574,-0.428143
0.784,0.576,-0.429225
0.784,0.578,-0.430534
0.784,0.58,-0.431111
0.784,0.582,-0.429911
0.784,0.584,-0.433071
0.784,0.586,-0.438955
0.784,0.588,-0.43836
0.784,0.59,-0.436847
0.784,0.592,-0.440025
0.784,0.594,-0.435414
0.784,0.596,-0.443155
0.784,0.598,-0.44116
0.784,0.6,-0.439547
0.784,0.602,-0.438722
0.784,0.604,-0.444589
0.784,0.606,-0.44257
0.784,0.608,-0.437807
0.784,0.61,-0.438507
0.784,0.612,-0.443679
0.784,0.614,-0.44354
0.784,0.616,-0.445037
0.784,0.618,-0.445095
0.784,0.62,-0.442573
0.784,0.622,-0.443975
0.784,0.624,-0.446657
0.784,0.626,-0.443337
0.784,0.628,-0.443132
0.784,0.63,-0.446705
0.784,0.632,-0.444332
0.784,0.634,-0.439916
0.784,0.636,-0.444564
0.784,0.638,-0.441457
0.784,0.64,-0.439771
0.786,0.562,-0.418222
0.786,0.564,-0.423288
0.786,0.566,-0.422756
0.786,0.568,-0.423299
0.786,0.57,-0.422417
0.786,0.572,-0.423416
0.786,0.574,-0.429661
0.786,0.576,-0.428962
0.786,0.578,-0.430485
0.786,0.58,-0.431137
0.786,0.582,-0.438231
0.786,0.584,-0.438615
0.786,0.586,-0.433983
0.786,0.588,-0.439879
0.786,0.59,-0.435029
0.786,0.592,-0.435023
0.786,0.594,-0.440022
0.786,0.596,-0.441581
0.786,0.598,-0.438687
0.786,0.6,-0.441715
0.786,0.602,-0.440421
0.786,0.604,-0.440631
0.786,0.606,-0.443711
0.786,0.608,-0.441861
0.786,0.61,-0.446901
0.786,0.612,-0.446679
0.786,0.614,-0.446606
0.786,0.616,-0.442675
0.786,0.618,-0.445452
0.786,0.62,-0.4419
0.786,0.622,-0.445497
0.786,0.624,-0.445162
0.786,0.626,-0.446318
0.786,0.628,-0.444704
0.786,0.63,-0.442648
0.786,0.632,-0.442239
0.786,0.634,-0.440877
0.786,0.636,-0.440277
0.786,0.638,-0.438062
0.786,0.64,-0.440483
0.788,0.562,-0.425654
0.788,0.564,-0.421308
0.788,0.566,-0.425435
0.788,0.568,-0.423176
0.788,0.57,-0.423546
0.788,0.572,-0.425923
0.788,0.574,-0.432889
0.788,0.576,-0.432697
0.788,0.578,-0.433247
0.788,0.58,-0.432616
0.788,0.582,-0.433425
0.788,0.584,-0.436015
0.788,0.586,-0.440443
0.788,0.588,-0.438035
0.788,0.59,-0.443733
0.788,0.592,-0.439314
0.788,0.594,-0.437845
0.788,0.596,-0.436827
0.788,0.598,-0.440562
0.788,0.6,-0.443434
0.788,0.602,-0.440278
0.788,0.604,-0.446468
0.788,0.606,-0.440628
0.788,0.608,-0.443509
0.788,0.61,-0.442929
0.788,0.612,-0.443759
0.788,0.614,-0.445107
0.788,0.616,-0.439297
0.788,0.618,-0.44481
0.788,0.62,-0.444339
0.788,0.622,-0.441855
0.788,0.624,-0.445371
0.788,0.626,-0.446923
0.788,0.628,-0.442626
0.788,0.63,-0.444859
0.788,0.632,-0.446867
0.788,0.634,-0.443053
0.788,0.636,-0.442278
0.788,0.638,-0.439937
0.788,0.64,-0.441923
0.79,0.562,-0.425147
0.79,0.564,-0.417085
0.79,0.566,-0.42113
0.79,0.568,-0.426172
0.79,0.57,-0.434377
0.79,0.572,-0.425897
0.79,0.574,-0.426778
0.79,0.576,-0.430608
0.79,0.578,-0.433053
0.79,0.58,-0.436559
0.79,0.582,-0.430563
0.79,0.584,-0.43627
0.79,0.586,-0.430116
0.79,0.588,-0.436398
0.79,0.59,-0.439649
0.79,0.592,-0.435549
0.79,0.594,-0.441291
0.79,0.596,-0.439951
0.79,0.598,-0.442784
0.79,0.6,-0.439995
0.79,0.602,-0.441399
0.79,0.604,-0.445313
0.79,0.606,-0.443695
0.79,0.608,-0.44663
0.79,0.61,-0.443813
0.79,0.612,-0.442686
0.79,0.614,-0.443973
0.79,0.616,-0.445712
0.79,0.618,-0.448366
0.79,0.62,-0.443426
0.79,0.622,-0.441415
0.79,0.624,-0.437382
0.79,0.626,-0.441169
0.79,0.628,-0.438684
0.79,0.63,-0.447249
0.79,0.632,-0.438756
0.79,0.634,-0.444548
0.79,0.636,-0.43638
0.79,0.638,-0.446188
0.79,0.64,-0.439579
0.792,0.562,-0.409237
0.792,0.564,-0.412593
0.792,0.566,-0.420349
0.792,0.568,-0.425922
0.792,0.57,-0.420586
0.792,0.572,-0.42667
0.792,0.574,-0.430637
0.792,0.576,-0.434093
0.792,0.578,-0.427015
0.792,0.58,-0.432446
0.792,0.582,-0.440422
0.792,0.584,-0.431173
0.792,0.586,-0.436952
0.792,0.588,-0.436013
0.792,0.59,-0.442307
0.792,0.592,-0.440064
0.792,0.594,-0.439582
0.792,0.596,-0.44239
0.792,0.598,-0.439999
0.792,0.6,-0.443424
0.792,0.602,-0.44539
0.792,0.604,-0.44179
0.792,0.606,-0.443915
0.792,0.608,-0.440434
0.792,0.61,-0.441125
0.792,0.612,-0.439071
0.792,0.614,-0.445837
0.792,0.616,-0.441757
0.792,0.618,-0.44411
0.792,0.62,-0.441807
0.792,0.622,-0.445934
0.792,0.624,-0.447851
0.792,0.626,-0.444971
0.792,0.628,-0.443933
0.792,0.63,-0.447148
0.792,0.632,-0.436497
0.792,0.634,-0.447142
0.792,0.636,-0.442875
0.792,0.638,-0.443849
0.792,0.64,-0.441678
0.794,0.562,-0.415263
0.794,0.564,-0.414799
0.794,0.566,-0.428101
0.794,0.568,-0.426564
0.794,0.57,-0.424142
0.794,0.572,-0.425603
0.794,0.574,-0.425478
0.794,0.576,-0.431535
0.794,0.578,-0.432701
0.794,0.58,-0.435041
0.794,0.582,-0.434217
0.794,0.584,-0.432343
0.794,0.586,-0.441581
0.794,0.588,-0.439755
0.794,0.59,-0.440123
0.794,0.592,-0.437227
0.794,0.594,-0.438172
0.794,0.596,-0.444366
0.794,0.598,-0.444439
0.794,0.6,-0.445038
0.794,0.602,-0.441905
0.794,0.604,-0.445077
0.794,0.606,-0.442241
0.794,0.608,-0.44433
0.794,0.61,-0.444078
0.794,0.612,-0.450056
0.794,0.614,-0.448873
0.794,0.616,-0.444386
0.794,0.618,-0.444092
0.794,0.62,-0.447844
0.794,0.622,-0.445418
0.794,0.624,-0.443588
0.794,0.626,-0.444949
0.794,0.628,-0.439421
0.794,0.63,-0.440997
0.794,0.632,-0.441466
0.794,0.634,-0.448273
0.794,0.636,-0.439271
0.794,0.638,-0.44012
0.794,0.64,-0.436449
0.796,0.562,-0.414587
0.796,0.564,-0.421513
0.796,0.566,-0.426794
0.796,0.568,-0.424837
0.796,0.57,-0.421054
0.796,0.572,-0.425818
0.796,0.574,-0.429016
0.796,0.576,-0.426107
0.796,0.578,-0.437648
0.796,0.58,-0.436231
0.796,0.582,-0.433542
0.796,0.584,-0.437466
0.796,0.586,-0.434283
0.796,0.588,-0.440241
0.796,0.59,-0.436438
0.796,0.592,-0.442085
0.796,0.594,-0.437098
0.796,0.596,-0.444253
0.796,0.598,-0.439764
0.796,0.6,-0.442893
0.796,0.602,-0.437935
0.796,0.604,-0.443335
0.796,0.606,-0.438687
0.796,0.608,-0.444876
0.796,0.61,-0.446906
0.796,0.612,-0.440165
0.796,0.614,-0.442027
0.796,0.616,-0.445114
0.796,0.618,-0.444846
0.796,0.62,-0.438026
0.796,0.622,-0.443458
0.796,0.624,-0.448424
0.796,0.626,-0.444587
0.796,0.628,-0.447229
0.796,0.63,-0.442826
0.796,0.632,-0.442449
0.796,0.634,-0.439804
0.796,0.636,-0.441988
0.796,0.638,-0.437231
0.796,0.64,-0.44163
0.798,0.562,-0.412031
0.798,0.564,-0.420096
0.798,0.566,-0.421547
0.798,0.568,-0.428531
0.798,0.57,-0.425749
0.798,0.572,-0.42104
0.798,0.574,-0.432171
0.798,0.576,-0.425572
0.798,0.578,-0.429558
0.798,0.58,-0.435431
0.798,0.582,-0.433889
0.798,0.584,-0.438329
0.798,0.586,-0.437551
0.798,0.588,-0.438505
0.798,0.59,-0.437721
0.798,0.592,-0.442062
0.798,0.594,-0.444603
0.798,0.596,-0.440075
0.798,0.598,-0.442962
0.798,0.6,-0.444711
0.798,0.602,-0.440401
0.798,0.604,-0.443397
0.798,0.606,-0.442287
0.798,0.608,-0.444535
0.798,0.61,-0.443611
0.798,0.612,-0.444156
0.798,0.614,-0.441663
0.798,0.616,-0.447895
0.798,0.618,-0.445046
0.798,0.62,-0.442539
0.798,0.622,-0.447514
0.798,0.624,-0.442877
0.798,0.626,-0.446048
0.798,0.628,-0.443568
0.798,0.63,-0.44511
0.798,0.632,-0.438254
0.798,0.634,-0.442843
0.798,0.636,-0.444418
0.798,0.638,-0.442145
0.798,0.64,-0.440512
0.8,0.562,-0.413325
0.8,0.564,-0.418297
0.8,0.566,-0.425745
0.8,0.568,-0.424324
0.8,0.57,-0.427508
0.8,0.572,-0.424268
0.8,0.574,-0.429742
0.8,0.576,-0.428266
0.8,0.578,-0.434582
0.8,0.58,-0.43929
0.8,0.582,-0.437304
0.8,0.584,-0.434818
0.8,0.586,-0.433364
0.8,0.588,-0.441438
0.8,0.59,-0.441163
0.8,0.592,-0.441964
0.8,0.594,-0.437192
0.8,0.596,-0.442403
0.8,0.598,-0.442895
0.8,0.6,-0.437675
0.8,0.602,-0.445483
0.8,0.604,-0.445411
0.8,0.606,-0.439171
0.8,0.608,-0.445279
0.8,0.61,-0.443621
0.8,0.612,-0.44307
0.8,0.614,-0.442605
0.8,0.616,-0.445863
0.8,0.618,-0.443039
0.8,0.62,-0.444465
0.8,0.622,-0.445116
0.8,0.624,-0.447076
0.8,0.626,-0.444043
0.8,0.628,-0.44234
0.8,0.63,-0.443187
0.8,0.632,-0.443695
0.8,0.634,-0.439682
0.8,0.636,-0.445242
0.8,0.638,-0.446796
0.8,0.64,-0.4425
0.802,0.562,-0.415557
0.802,0.564,-0.424929
0.802,0.566,-0.420487
0.802,0.568,-0.42296
0.802,0.57,-0.42557
0.802,0.572,-0.429069
0.802,0.574,-0.42636
0.802,0.576,-0.423626
0.802,0.578,-0.427109
0.802,0.58,-0.435078
0.802,0.582,-0.435268
0.802,0.584,-0.435467
0.802,0.586,-0.441984
0.802,0.588,-0.437704
0.802,0.59,-0.440476
0.802,0.592,-0.436388
0.802,0.594,-0.442905
0.802,0.596,-0.444295
0.802,0.598,-0.444028
0.802,0.6,-0.442259
0.802,0.602,-0.444533
0.802,0.604,-0.441962
0.802,0.606,-0.441223
0.802,0.608,-0.446415
0.802,0.61,-0.443582
0.802,0.612,-0.439383
0.802,0.614,-0.447003
0.802,0.616,-0.445146
0.802,0.618,-0.448002
0.802,0.62,-0.444394
0.802,0.622,-0.440081
0.802,0.624,-0.448009
0.802,0.626,-0.44348
0.802,0.628,-0.444265
0.802,0.63,-0.444173
0.802,0.632,-0.446182
0.802,0.634,-0.444773
0.802,0.636,-0.435822
0.802,0.638,-0.445621
0.802,0.64,-0.438757
0.804,0.562,-0.418288
0.804,0.564,-0.418282
0.804,0.566,-0.423481
0.804,0.568,-0.425695
0.804,0.57,-0.42998
0.804,0.572,-0.424939
0.804,0.574,-0.425957
0.804,0.576,-0.427687
0.804,0.578,-0.426834
0.804,0.58,-0.438964
0.804,0.582,-0.435182
0.804,0.584,-0.43418
0.804,0.586,-0.438033
0.804,0.588,-0.434465
0.804,0.59,-0.437913
0.804,0.592,-0.441214
0.804,0.594,-0.438572
0.804,0.596,-0.443676
0.804,0.598,-0.445936
0.804,0.6,-0.441998
0.804,0.602,-0.441583
0.804,0.604,-0.44584
0.804,0.606,-0.439935
0.804,0.608,-0.444257
0.804,0.61,-0.448024
0.804,0.612,-0.439602
0.804,0.614,-0.443599
0.804,0.616,-0.448177
0.804,0.618,-0.445684
0.804,0.62,-0.444496
0.804,0.622,-0.442571
0.804,0.624,-0.444325
0.804,0.626,-0.441861
0.804,0.628,-0.448879
0.804,0.63,-0.444194
0.804,0.632,-0.441249
0.804,0.634,-0.43839
0.804,0.636,-0.449453
0.804,0.638,-0.44299
0.804,0.64,-0.440111
0.806,0.562,-0.419137
0.806,0.564,-0.421832
0.806,0.566,-0.423705
0.806,0.568,-0.425177
0.806,0.57,-0.427247
0.806,0.572,-0.422398
0.806,0.574,-0.429678
0.806,0.576,-0.433374
0.806,0.578,-0.433935
0.806,0.58,-0.437482
0.806,0.582,-0.433058
0.806,0.584,-0.431832
0.806,0.586,-0.435007
0.806,0.588,-0.442661
0.806,0.59,-0.441061
0.806,0.592,-0.439205
0.806,0.594,-0.437674
0.806,0.596,-0.437509
0.806,0.598,-0.441742
0.806,0.6,-0.445939
0.806,0.602,-0.445839
0.806,0.604,-0.444645
0.806,0.606,-0.439711
0.806,0.608,-0.447335
0.806,0.61,-0.441625
0.806,0.612,-0.447945
0.806,0.614,-0.44816
0.806,0.616,-0.446682
0.806,0.618,-0.443461
0.806,0.62,-0.440732
0.806,0.622,-0.448989
0.806,0.624,-0.44162
0.806,0.626,-0.440611
0.806,0.628,-0.445875
0.806,0.63,-0.440273
0.806,0.632,-0.443512
0.806,0.634,-0.439722
0.806,0.636,-0.438309
0.806,0.638,-0.43702
0.806,0.64,-0.440349
0.808,0.562,-0.418731
0.808,0.564,-0.419338
0.808,0.566,-0.418283
0.808,0.568,-0.425458
0.808,0.57,-0.424126
0.808,0.572,-0.427252
0.808,0.574,-0.427249
0.808,0.576,-0.428322
0.808,0.578,-0.432852
0.808,0.58,-0.429464
0.808,0.582,-0.434325
0.808,0.584,-0.432967
0.808,0.586,-0.432245
0.808,0.588,-0.43533
0.808,0.59,-0.435431
0.808,0.592,-0.433697
0.808,0.594,-0.442061
0.808,0.596,-0.441278
0.808,0.598,-0.44352
0.808,0.6,-0.43577
0.808,0.602,-0.443364
0.808,0.604,-0.444427
0.808,0.606,-0.441173
0.808,0.608,-0.44847
0.808,0.61,-0.444864
0.808,0.612,-0.444239
0.808,0.614,-0.441751
0.808,0.616,-0.443793
0.808,0.618,-0.441979
0.808,0.62,-0.444449
0.808,0.622,-0.445658
0.808,0.624,-0.441085
0.808,0.626,-0.445444
0.808,0.628,-0.439066
0.808,0.63,-0.445422
0.808,0.632,-0.440684
0.808,0.634,-0.441929
0.808,0.636,-0.4357
0.808,0.638,-0.442822
0.808,0.64,-0.442022
0.81,0.562,-0.412437
0.81,0.564,-0.420984
0.81,0.566,-0.418367
0.81,0.568,-0.413456
0.81,0.57,-0.42547
0.81,0.572,-0.429635
0.81,0.574,-0.425038
0.81,0.576,-0.429393
0.81,0.578,-0.427495
0.81,0.58,-0.430798
0.81,0.582,-0.441501
0.81,0.584,-0.43239
0.81,0.586,-0.436162
0.81,0.588,-0.43517
0.81,0.59,-0.438109
0.81,0.592,-0.444452
0.81,0.594,-0.443893
0.81,0.596,-0.441599
0.81,0.598,-0.442851
0.81,0.6,-0.448272
0.81,0.602,-0.437519
0.81,0.604,-0.440205
0.81,0.606,-0.442741
0.81,0.608,-0.443439
0.81,0.61,-0.442319
0.81,0.612,-0.445564
0.81,0.614,-0.446681
0.81,0.616,-0.448047
0.81,0.618,-0.442026
0.81,0.62,-0.441628
0.81,0.622,-0.447613
0.81,0.624,-0.439733
0.81,0.626,-0.447074
0.81,0.628,-0.44229
0.81,0.63,-0.443967
0.81,0.632,-0.441856
0.81,0.634,-0.438929
0.81,0.636,-0.44356
0.81,0.638,-0.438154
0.81,0.64,-0.435178
0.812,0.562,-0.416768
0.812,0.564,-0.420536
0.812,0.566,-0.428413
0.812,0.568,-0.432251
0.812,0.57,-0.424352
0.812,0.572,-0.422778
0.812,0.574,-0.429685
0.812,0.576,-0.431163
0.812,0.578,-0.430472
0.812,0.58,-0.432269
0.812,0.582,-0.432075
0.812,0.584,-0.434547
0.812,0.586,-0.435594
0.812,0.588,-0.430906
0.812,0.59,-0.440901
0.812,0.592,-0.439416
0.812,0.594,-0.437447
0.812,0.596,-0.442284
0.812,0.598,-0.441828
0.812,0.6,-0.443614
0.812,0.602,-0.439282
0.812,0.604,-0.443429
0.812,0.606,-0.446012
0.812,0.608,-0.443373
0.812,0.61,-0.444013
0.812,0.612,-0.443483
0.812,0.614,-0.443494
0.812,0.616,-0.446361
0.812,0.618,-0.443711
0.812,0.62,-0.440304
0.812,0.622,-0.446939
0.812,0.624,-0.442619
0.812,0.626,-0.442027
0.812,0.628,-0.442389
0.812,0.63,-0.442065
0.812,0.632,-0.439101
0.812,0.634,-0.440379
0.812,0.636,-0.439772
0.812,0.638,-0.442563
0.812,0.64,-0.440753
0.814,0.562,-0.416816
0.814,0.564,-0.421545
0.814,0.566,-0.418119
0.814,0.568,-0.420239
0.814,0.57,-0.427865
0.814,0.572,-0.431679
0.814,0.574,-0.429635
0.814,0.576,-0.424817
0.814,0.578,-0.429117
0.814,0.58,-0.430434
0.814,0.582,-0.42845
0.814,0.584,-0.435947
0.814,0.586,-0.432958
0.814,0.588,-0.436316
0.814,0.59,-0.440048
0.814,0.592,-0.435494
0.814,0.594,-0.444447
0.814,0.596,-0.438631
0.814,0.598,-0.443263
0.814,0.6,-0.438035
0.814,0.602,-0.443525
0.814,0.604,-0.446821
0.814,0.606,-0.444137
0.814,0.608,-0.445135
0.814,0.61,-0.442093
0.814,0.612,-0.441092
0.814,0.614,-0.448428
0.814,0.616,-0.445126
0.814,0.618,-0.438854
0.814,0.62,-0.442655
0.814,0.622,-0.441843
0.814,0.624,-0.446754
0.814,0.626,-0.443112
0.814,0.628,-0.442886
0.814,0.63,-0.439394
0.814,0.632,-0.442622
0.814,0.634,-0.441513
0.814,0.636,-0.436346
0.814,0.638,-0.443956
0.814,0.64,-0.437242
0.816,0.562,-0.413406
0.816,0.564,-0.419224
0.816,0.566,-0.427169
0.816,0.568,-0.420926
0.816,0.57,-0.426439
0.816,0.572,-0.423113
0.816,0.574,-0.423322
0.816,0.576,-0.427
0.816,0.578,-0.430586
0.816,0.58,-0.432801
0.816,0.582,-0.428474
0.816,0.584,-0.433465
0.816,0.586,-0.43658
0.816,0.588,-0.437665
0.816,0.59,-0.440601
0.816,0.592,-0.440012
0.816,0.594,-0.438953
0.816,0.596,-0.443309
0.816,0.598,-0.441794
0.816,0.6,-0.445276
0.816,0.602,-0.444095
0.816,0.604,-0.440842
0.816,0.606,-0.440687
0.816,0.608,-0.440514
0.816,0.61,-0.443951
0.816,0.612,-0.43804
0.816,0.614,-0.443962
0.816,0.616,-0.44198
0.816,0.618,-0.44234
0.816,0.62,-0.447191
0.816,0.622,-0.443342
0.816,0.624,-0.445785
0.816,0.626,-0.443822
0.816,0.628,-0.441582
0.816,0.63,-0.440995
0.816,0.632,-0.440777
0.816,0.634,-0.441246
0.816,0.636,-0.439949
0.816,0.638,-0.440707
0.816,0.64,-0.443504
0.818,0.562,-0.415165
0.818,0.564,-0.421926
0.818,0.566,-0.426645
0.818,0.568,-0.418172
0.818,0.57,-0.428361
0.818,0.572,-0.428936
0.818,0.574,-0.426547
0.818,0.576,-0.427667
0.818,0.578,-0.431806
0.818,0.58,-0.432793
0.818,0.582,-0.436203
0.818,0.584,-0.437996
0.818,0.586,-0.436878
0.818,0.588,-0.439989
0.818,0.59,-0.431975
0.818,0.592,-0.439256
0.818,0.594,-0.441687
0.818,0.596,-0.436668
0.818,0.598,-0.437338
0.818,0.6,-0.439066
0.818,0.602,-0.441639
0.818,0.604,-0.441827
0.818,0.606,-0.442654
0.818,0.608,-0.440643
0.818,0.61,-0.442549
0.818,0.612,-0.44577
0.818,0.614,-0.438435
0.818,0.616,-0.443528
0.818,0.618,-0.441619
0.818,0.62,-0.442117
0.818,0.622,-0.442493
0.818,0.624,-0.443255
0.818,0.626,-0.442279
0.818,0.628,-0.439252
0.818,0.63,-0.439648
0.818,0.632,-0.437083
0.818,0.634,-0.436275
0.818,0.636,-0.443092
0.818,0.638,-0.438994
0.818,0.64,-0.438954
0.82,0.562,-0.420272
0.82,0.564,-0.415923
0.82,0.566,-0.420809
0.82,0.568,-0.417119
0.82,0.57,-0.421922
0.82,0.572,-0.430313
0.82,0.574,-0.425261
0.82,0.576,-0.431789
0.82,0.578,-0.436084
0.82,0.58,-0.43388
0.82,0.582,-0.43467
0.82,0.584,-0.436674
0.82,0.586,-0.436454
0.82,0.588,-0.431621
0.82,0.59,-0.436692
0.82,0.592,-0.435087
0.82,0.594,-0.437271
0.82,0.596,-0.442148
0.82,0.598,-0.437333
0.82,0.6,-0.439234
0.82,0.602,-0.437271
0.82,0.604,-0.445977
0.82,0.606,-0.440089
0.82,0.608,-0.444245
0.82,0.61,-0.446379
0.82,0.612,-0.445102
0.82,0.614,-0.440875
0.82,0.616,-0.433981
0.82,0.618,-0.443619
0.82,0.62,-0.442591
0.82,0.622,-0.441394
0.82,0.624,-0.438061
0.82,0.626,-0.444096
0.82,0.628,-0.441009
0.82,0.63,-0.446441
0.82,0.632,-0.439929
0.82,0.634,-0.442303
0.82,0.636,-0.438598
0.82,0.638,-0.438462
0.82,0.64,-0.432226
0.822,0.562,-0.414273
0.822,0.564,-0.414907
0.822,0.566,-0.419376
0.822,0.568,-0.418598
0.822,0.57,-0.426918
0.822,0.572,-0.421033
0.822,0.574,-0.428222
0.822,0.576,-0.423872
0.822,0.578,-0.428083
0.822,0.58,-0.42898
0.822,0.582,-0.431478
0.822,0.584,-0.435568
0.822,0.586,-0.434574
0.822,0.588,-0.433518
0.822,0.59,-0.439826
0.822,0.592,-0.441828
0.822,0.594,-0.441868
0.822,0.596,-0.441841
0.822,0.598,-0.437354
0.822,0.6,-0.434966
0.822,0.602,-0.444395
0.822,0.604,-0.434869
0.822,0.606,-0.44274
0.822,0.608,-0.440266
0.822,0.61,-0.44053
0.822,0.612,-0.441437
0.822,0.614,-0.443867
0.822,0.616,-0.447415
0.822,0.618,-0.443554
0.822,0.62,-0.442951
0.822,0.622,-0.439516
0.822,0.624,-0.442033
0.822,0.626,-0.442012
0.822,0.628,-0.436803
0.822,0.63,-0.437072
0.822,0.632,-0.441869
0.822,0.634,-0.441156
0.822,0.636,-0.443459
0.822,0.638,-0.44201
0.822,0.64,-0.436646
0.824,0.562,-0.416767
0.824,0.564,-0.416231
0.824,0.566,-0.418286
0.824,0.568,-0.423086
0.824,0.57,-0.422393
0.824,0.572,-0.428151
0.824,0.574,-0.427136
0.824,0.576,-0.428731
0.824,0.578,-0.428493
0.824,0.58,-0.428141
0.824,0.582,-0.427992
0.824,0.584,-0.432794
0.824,0.586,-0.43689
0.824,0.588,-0.435395
0.824,0.59,-0.436583
0.824,0.592,-0.434148
0.824,0.594,-0.4432
0.824,0.596,-0.439508
0.824,0.598,-0.439634
0.824,0.6,-0.439005
0.824,0.602,-0.439017
0.824,0.604,-0.442056
0.824,0.606,-0.43541
0.824,0.608,-0.446804
0.824,0.61,-0.443715
0.824,0.612,-0.441362
0.824,0.614,-0.441638
0.824,0.616,-0.442856
0.824,0.618,-0.441239
0.824,0.62,-0.444026
0.824,0.622,-0.440872
0.824,0.624,-0.445133
0.824,0.626,-0.443583
0.824,0.628,-0.444187
0.824,0.63,-0.440071
0.824,0.632,-0.439614
0.824,0.634,-0.445537
0.824,0.636,-0.438456
0.824,0.638,-0.439924
0.824,0.64,-0.432604
0.826,0.562,-0.416577
0.826,0.564,-0.416648
0.826,0.566,-0.419208
0.826,0.568,-0.420506
0.826,0.57,-0.422638
0.826,0.572,-0.430748
0.826,0.574,-0.425467
0.826,0.576,-0.433358
0.826,0.578,-0.42385
0.826,0.58,-0.428767
0.826,0.582,-0.434689
0.826,0.584,-0.436003
0.826,0.586,-0.433582
0.826,0.588,-0.436668
0.826,0.59,-0.429387
0.826,0.592,-0.438827
0.826,0.594,-0.437893
0.826,0.596,-0.440426
0.826,0.598,-0.438654
0.826,0.6,-0.443793
0.826,0.602,-0.444048
0.826,0.604,-0.443142
0.826,0.606,-0.440861
0.826,0.608,-0.442594
0.826,0.61,-0.435497
0.826,0.612,-0.442624
0.826,0.614,-0.44488
0.826,0.616,-0.442604
0.826,0.618,-0.440897
0.826,0.62,-0.444915
0.826,0.622,-0.433792
0.826,0.624,-0.435721
0.826,0.626,-0.443547
0.826,0.628,-0.439442
0.826,0.63,-0.440186
0.826,0.632,-0.436524
0.826,0.634,-0.438768
0.826,0.636,-0.441745
0.826,0.638,-0.43913
0.826,0.64,-0.4386
0.828,0.562,-0.415561
0.828,0.564,-0.420414
0.828,0.566,-0.419711
0.828,0.568,-0.418063
0.828,0.57,-0.423816
0.828,0.572,-0.424817
0.828,0.574,-0.425949
0.828,0.576,-0.426472
0.828,0.578,-0.423543
0.828,0.58,-0.42782
0.828,0.582,-0.425931
0.828,0.584,-0.432509
0.828,0.586,-0.432855
0.828,0.588,-0.431417
0.828,0.59,-0.434596
0.828,0.592,-0.436331
0.828,0.594,-0.435642
0.828,0.596,-0.436547
0.828,0.598,-0.436063
0.828,0.6,-0.442465
0.828,0.602,-0.440325
0.828,0.604,-0.440474
0.828,0.606,-0.438136
0.828,0.608,-0.443741
0.828,0.61,-0.441354
0.828,0.612,-0.437322
0.828,0.614,-0.445857
0.828,0.616,-0.438994
0.828,0.618,-0.442853
0.828,0.62,-0.443959
0.828,0.622,-0.44231
0.828,0.624,-0.440294
0.828,0.626,-0.443304
0.828,0.628,-0.442141
0.828,0.63,-0.441651
0.828,0.632,-0.44391
0.828,0.634,-0.440533
0.828,0.636,-0.440199
0.828,0.638,-0.435999
0.828,0.64,-0.4377
0.83,0.562,-0.410267
0.83,0.564,-0.412628
0.83,0.566,-0.415773
0.83,0.568,-0.416506
0.83,0.57,-0.416931
0.83,0.572,-0.424161
0.83,0.574,-0.421228
0.83,0.576,-0.426811
0.83,0.578,-0.425518
0.83,0.58,-0.429071
0.83,0.582,-0.431092
0.83,0.584,-0.426996
0.83,0.586,-0.431244
0.83,0.588,-0.435213
0.83,0.59,-0.436601
0.83,0.592,-0.426571
0.83,0.594,-0.43609
0.83,0.596,-0.438287
0.83,0.598,-0.437315
0.83,0.6,-0.440305
0.83,0.602,-0.441119
0.83,0.604,-0.440864
0.83,0.606,-0.438168
0.83,0.608,-0.440888
0.83,0.61,-0.446702
0.83,0.612,-0.441313
0.83,0.614,-0.435455
0.83,0.616,-0.438828
0.83,0.618,-0.439307
0.83,0.62,-0.445601
0.83,0.622,-0.439001
0.83,0.624,-0.44065
0.83,0.626,-0.443711
0.83,0.628,-0.434482
0.83,0.63,-0.442906
0.83,0.632,-0.44101
0.83,0.634,-0.439458
0.83,0.636,-0.438975
0.83,0.638,-0.433978
0.83,0.64,-0.435693
0.832,0.562,-0.407865
0.832,0.564,-0.417352
0.832,0.566,-0.418671
0.832,0.568,-0.419868
0.832,0.57,-0.421723
0.832,0.572,-0.423391
0.832,0.574,-0.42758
0.832,0.576,-0.423818
0.832,0.578,-0.432665
0.832,0.58,-0.428285
0.832,0.582,-0.429717
0.832,0.584,-0.428807
0.832,0.586,-0.431087
0.832,0.588,-0.435662
0.832,0.59,-0.43339
0.832,0.592,-0.437281
0.832,0.594,-0.440444
0.832,0.596,-0.437241
0.832,0.598,-0.435555
0.832,0.6,-0.434072
0.832,0.602,-0.438101
0.832,0.604,-0.436639
0.832,0.606,-0.438959
0.832,0.608,-0.440974
0.832,0.61,-0.444121
0.832,0.612,-0.440948
0.832,0.614,-0.445415
0.832,0.616,-0.434408
0.832,0.618,-0.445021
0.832,0.62,-0.44567
0.832,0.622,-0.439991
0.832,0.624,-0.440208
0.832,0.626,-0.437442
0.832,0.628,-0.432017
0.832,0.63,-0.437352
0.832,0.632,-0.434117
0.832,0.634,-0.436938
0.832,0.636,-0.434404
0.832,0.638,-0.434848
0.832,0.64,-0.433516
0.834,0.562,-0.409485
0.834,0.564,-0.414098
0.834,0.566,-0.416073
0.834,0.568,-0.415378
0.834,0.57,-0.418651
0.834,0.572,-0.420627
0.834,0.574,-0.418791
0.834,0.576,-0.421913
0.834,0.578,-0.43089
0.834,0.58,-0.424086
0.834,0.582,-0.427806
0.834,0.584,-0.431222
0.834,0.586,-0.429908
0.834,0.588,-0.434954
0.834,0.59,-0.432427
0.834,0.592,-0.436643
0.834,0.594,-0.439159
0.834,0.596,-0.4343
0.834,0.598,-0.437447
0.834,0.6,-0.4466
0.834,0.602,-0.437104
0.834,0.604,-0.436896
0.834,0.606,-0.439915
0.834,0.608,-0.434931
0.834,0.61,-0.438593
0.834,0.612,-0.443947
0.834,0.614,-0.435392
0.834,0.616,-0.440913
0.834,0.618,-0.442598
0.834,0.62,-0.441357
0.834,0.622,-0.443917
0.834,0.624,-0.439516
0.834,0.626,-0.438812
0.834,0.628,-0.440972
0.834,0.63,-0.429827
0.834,0.632,-0.440196
0.834,0.634,-0.44017
0.834,0.636,-0.435369
0.834,0.638,-0.430498
0.834,0.64,-0.431196
0.836,0.562,-0.419193
0.836,0.564,-0.413868
0.836,0.566,-0.416186
0.836,0.568,-0.422811
0.836,0.57,-0.413027
0.836,0.572,-0.420128
0.836,0.574,-0.420793
0.836,0.576,-0.418972
0.836,0.578,-0.424292
0.836,0.58,-0.426864
0.836,0.582,-0.430815
0.836,0.584,-0.428792
0.836,0.586,-0.427436
0.836,0.588,-0.43483
0.836,0.59,-0.437025
0.836,0.592,-0.434921
0.836,0.594,-0.439083
0.836,0.596,-0.432369
0.836,0.598,-0.43731
0.836,0.6,-0.436776
0.836,0.602,-0.436342
0.836,0.604,-0.43775
0.836,0.606,-0.440006
0.836,0.608,-0.434573
0.836,0.61,-0.440731
0.836,0.612,-0.44043
0.836,0.614,-0.434355
0.836,0.616,-0.439397
0.836,0.618,-0.439692
0.836,0.62,-0.436844
0.836,0.622,-0.443551
0.836,0.624,-0.439153
0.836,0.626,-0.436745
0.836,0.628,-0.442406
0.836,0.63,-0.439451
0.836,0.632,-0.436179
0.836,0.634,-0.436706
0.836,0.636,-0.435026
0.836,0.638,-0.439081
0.836,0.64,-0.436084
0.838,0.562,-0.408323
0.838,0.564,-0.417168
0.838,0.566,-0.414282
0.838,0.568,-0.41627
0.838,0.57,-0.4192
0.838,0.572,-0.421259
0.838,0.574,-0.426613
0.838,0.576,-0.428316
0.838,0.578,-0.426795
0.838,0.58,-0.435105
0.838,0.582,-0.430156
0.838,0.584,-0.425215
0.838,0.586,-0.426177
0.838,0.588,-0.434887
0.838,0.59,-0.42884
0.838,0.592,-0.43253
0.838,0.594,-0.432558
0.838,0.596,-0.43458
0.838,0.598,-0.436225
0.838,0.6,-0.439392
0.838,0.602,-0.432885
0.838,0.604,-0.436845
0.838,0.606,-0.438658
0.838,0.608,-0.439638
0.838,0.61,-0.436625
0.838,0.612,-0.439729
0.838,0.614,-0.442206
0.838,0.616,-0.436962
0.838,0.618,-0.442768
0.838,0.62,-0.437994
0.838,0.622,-0.443736
0.838,0.624,-0.43389
0.838,0.626,-0.441168
0.838,0.628,-0.435963
0.838,0.63,-0.437897
0.838,0.632,-0.436333
0.838,0.634,-0.437309
0.838,0.636,-0.437242
0.838,0.638,-0.432434
0.838,0.64,-0.434158
0.84,0.562,-0.410403
0.84,0.564,-0.41471
0.84,0.566,-0.421505
0.84,0.568,-0.415608
0.84,0.57,-0.418482
0.84,0.572,-0.424143
0.84,0.574,-0.420385
0.84,0.576,-0.422662
0.84,0.578,-0.427766
0.84,0.58,-0.42662
0.84,0.582,-0.431178
0.84,0.584,-0.432734
0.84,0.586,-0.427249
0.84,0.588,-0.427728
0.84,0.59,-0.428621
0.84,0.592,-0.438715
0.84,0.594,-0.436956
0.84,0.596,-0.440427
0.84,0.598,-0.434445
0.84,0.6,-0.439272
0.84,0.602,-0.434223
0.84,0.604,-0.44274
0.84,0.606,-0.441638
0.84,0.608,-0.445026
0.84,0.61,-0.438244
0.84,0.612,-0.438827
0.84,0.614,-0.437416
0.84,0.616,-0.436105
0.84,0.618,-0.436008
0.84,0.62,-0.438516
0.84,0.622,-0.432987
0.84,0.624,-0.438437
0.84,0.626,-0.432186
0.84,0.628,-0.436082
0.84,0.63,-0.436366
0.84,0.632,-0.428861
0.84,0.634,-0.437355
0.84,0.636,-0.436739
0.84,0.638,-0.438616
0.84,0.64,-0.433329
