1,0.0490251,0
2,0.0488729,0.000152218
3,0.0489185,9.90144e-05
4,0.0489707,8.733e-05
5,0.048946,7.20288e-05
6,0.0489584,6.01046e-05
7,0.0489582,5.07979e-05
8,0.0489475,4.52651e-05
9,0.0490215,8.40339e-05
10,0.0490259,7.52897e-05
11,0.0490344,6.86299e-05
12,0.0490145,6.5717e-05
13,0.0490061,6.10415e-05
14,0.0490083,5.65588e-05
15,0.048997,5.38664e-05
16,0.048981,5.28463e-05
17,0.0489874,5.00453e-05
18,0.0489878,4.71851e-05
19,0.048991,4.47488e-05
20,0.0489894,4.24842e-05
21,0.048976,4.2554e-05
22,0.0489724,4.07345e-05
23,0.0489663,3.94018e-05
24,0.0489695,3.78626e-05
25,0.0489733,3.65064e-05
26,0.0489708,3.51634e-05
27,0.0489775,3.45084e-05
28,0.048982,3.35576e-05
29,0.0489805,3.24153e-05
30,0.0489886,3.23416e-05
31,0.0489829,3.17936e-05
32,0.0489864,3.09853e-05
33,0.0489816,3.04247e-05
34,0.0489898,3.06293e-05
35,0.0489828,3.05527e-05
36,0.0489783,3.00237e-05
37,0.0489806,2.92892e-05
38,0.0489802,2.85111e-05
39,0.0489824,2.78613e-05
40,0.0489918,2.87286e-05
41,0.0489931,2.805e-05
42,0.0489871,2.80138e-05
43,0.0489876,2.73581e-05
44,0.0489847,2.68872e-05
45,0.0489897,2.67578e-05
46,0.0489954,2.6783e-05
47,0.0489979,2.63267e-05
48,0.048997,2.57869e-05
49,0.0489984,2.52913e-05
50,0.0489947,2.50562e-05
51,0.0489989,2.49135e-05
52,0.0489969,2.45072e-05
53,0.0489981,2.40698e-05
54,0.0490016,2.38737e-05
55,0.0490017,2.34359e-05
56,0.0489957,2.3793e-05
57,0.0489947,2.33916e-05
58,0.0489952,2.29905e-05
59,0.0489901,2.31614e-05
60,0.0489933,2.29982e-05
61,0.0489976,2.30228e-05
62,0.0489987,2.26726e-05
63,0.0489957,2.25044e-05
64,0.0489979,2.22558e-05
65,0.0489942,2.22161e-05
66,0.0489952,2.18979e-05
67,0.0489962,2.15915e-05
68,0.0489959,2.12729e-05
69,0.0489937,2.10866e-05
70,0.0489935,2.07837e-05
71,0.0489929,2.04992e-05
72,0.0489946,2.02865e-05
73,0.0489956,2.0031e-05
74,0.0489984,1.99645e-05
75,0.0489983,1.96973e-05
76,0.0489996,1.94792e-05
77,0.0490022,1.94084e-05
78,0.0490041,1.92476e-05
79,0.0490067,1.91854e-05
80,0.0490047,1.90526e-05
81,0.0490049,1.88174e-05
82,0.0490027,1.87232e-05
83,0.0490005,1.86268e-05
84,0.048998,1.85684e-05
85,0.0489994,1.84041e-05
86,0.0490012,1.82746e-05
87,0.0490018,1.80751e-05
88,0.0489993,1.80513e-05
89,0.0489981,1.78856e-05
90,0.0489984,1.76886e-05
91,0.0489984,1.74933e-05
92,0.0489993,1.73272e-05
93,0.049,1.71557e-05
94,0.0489994,1.69837e-05
95,0.0490007,1.68558e-05
96,0.0490022,1.67401e-05
97,0.0490007,1.66287e-05
98,0.0490005,1.64591e-05
99,0.0490056,1.70711e-05
100,0.0490085,1.71446e-05
