0.0440337
0.0362372
0.0402977
0.0419752
0.0388698
0.045739
0.0485889
0.0449511
0.0418307
0.040819
0.0550921
0.0391146
0.0446577
0.049529
0.0502532
0.0485322
0.04288
0.0392005
0.0487689
0.0382064
0.0534244
0.040623
0.0480007
0.0438048
0.0513958
0.0609793
0.0520992
0.0402127
0.051099
0.0509797
0.0558907
0.0636764
0.0457598
0.0432626
0.0499938
0.0494416
0.0457474
0.0420737
0.0462646
0.0509209
0.0592697
0.0641599
0.0529172
0.0523892
0.0506236
0.0643471
0.0433033
0.0450855
0.055341
0.0452445
0.0486426
0.0430811
0.0527205
0.0450313
0.047144
0.0659453
0.0508496
0.0488042
0.0402605
0.0447085
0.0527757
0.0390604
0.0337939
0.0406128
0.0485698
0.0408219
0.0451342
0.0408557
0.0490824
0.0580955
0.0524843
0.0410085
0.0454407
0.0420555
0.0432822
0.0511222
0.0501768
0.0458054
0.0342755
0.0496029
0.0506336
0.0654012
0.0676061
0.0570075
0.047266
0.0493053
0.0529796
0.0560059
0.0513669
0.053213
0.0477456
0.0504106
0.0539863
0.0482367
0.0496431
0.0616704
0.043813
0.0554215
0.0432945
0.0414935
0.055207
0.0467656
0.0458763
0.0492428
0.057903
0.0602728
0.0344727
0.0445779
0.0600026
0.0433269
0.0482412
0.0461953
0.0342195
0.03624
0.0621094
0.0362236
0.0416432
0.059267
0.0606863
0.038357
0.0446981
0.0488203
0.0594921
0.0558263
0.0478211
0.0480636
0.0438338
0.0481382
0.0612359
0.0704635
0.0372317
0.0426759
0.0410357
0.0539936
0.0562232
0.047343
0.0570382
0.0478316
0.0644944
0.0436009
0.0385328
0.0408966
0.0472736
0.0386711
0.0542084
0.0462094
0.0418789
0.0462748
0.045204
0.0490772
0.0560792
0.0611222
0.0466877
0.0378405
0.0490236
0.0453017
0.0530041
0.0394329
0.0485777
0.0430251
0.0506152
0.043748
0.043804
0.0397813
0.0509761
0.0476914
0.0532053
0.0575925
0.0571643
0.0451443
0.0523261
0.0620931
0.0596912
0.0510819
0.0561573
0.0387471
0.0481381
0.0440157
0.0475316
0.050052
0.0437152
0.0522523
0.0480217
0.0537421
0.0509645
0.0544471
0.0441832
0.0533995
0.0581432
0.0581473
0.0459454
0.0448859
0.0515702
0.0502423
0.0428102
0.0414002
0.0401794
0.0375678
0.0430042
0.0529391
0.0680483
0.0567562
0.0434886
0.0404245
0.0529403
0.0538094
0.0462601
0.0337335
0.0488667
0.0477548
0.0572481
0.0466004
0.0465787
0.0502812
0.0484411
0.047748
0.0488499
0.0689887
0.0542854
0.0516846
0.0590614
0.0602735
0.0517408
0.0391829
0.0408827
0.041548
0.0531709
0.0506273
0.0498631
0.0399224
0.0536854
0.0714626
0.0736924
0.0556423
0.0619241
0.0588566
0.0442674
0.0540071
0.0462538
0.0521431
0.0428145
0.0485196
0.0601211
0.0605219
0.0452051
0.0555322
0.0395968
0.0361431
0.0471318
0.060628
0.0671167
0.0363742
0.0484608
0.0429284
0.047317
0.0466137
0.0386184
0.0453131
0.052172
0.0517122
0.0404411
0.0486165
0.0473175
0.0568054
0.054106
0.0553695
0.0470312
0.0477907
0.0432221
0.050885
0.0491523
0.0485421
0.0377804
0.0369405
0.0455104
0.0551573
0.0480449
0.0384027
0.0363877
0.0603794
0.0612333
0.0555008
0.0436875
0.0403666
0.0541081
0.0573594
0.0426744
0.0368097
0.0420973
0.0362431
0.0434335
0.0469287
0.0449124
0.0394832
0.0626794
0.0469099
0.0463006
0.0483632
0.0567101
0.0536485
0.044
0.0499663
0.0563657
0.0389186
0.0478392
0.0431612
0.0576977
0.0463418
0.0516911
0.0478144
0.0451346
0.047283
0.0647194
0.0503359
0.0544736
0.0369123
0.0639856
0.0401571
0.05159
0.0379122
0.0402818
0.039074
0.0502416
0.0425375
0.0488338
0.0464122
0.0383484
0.0382859
0.0322149
0.0441356
0.0594208
0.0485973
0.0647887
0.0474219
0.061745
0.0445664
0.042211
0.0444484
0.0486673
0.0520806
0.0425796
0.0446532
0.0610385
0.04101
0.0521299
0.0436097
0.0524787
0.0519894
0.0482634
0.0482566
0.0500192
0.0743027
0.0558825
0.0665395
0.0635634
0.0472548
0.0395155
0.0417152
0.0386813
0.0372232
0.0357062
0.0348768
0.0464381
0.0408529
0.0408455
0.0461647
0.0376025
0.0513779
0.0472516
0.0447628
0.05365
0.0577229
0.0585562
0.0459913
0.051397
0.0581972
0.0498147
0.0489396
0.0543469
0.0511036
0.0489966
0.049456
0.0472651
0.046839
0.06049
0.0563561
0.0585709
0.0471486
0.0487118
0.0378136
0.037934
0.0403754
0.0416915
0.0433152
0.041238
0.040152
0.0441044
0.0359944
0.0469762
0.0486286
0.0477565
0.0498073
0.0480558
0.0458479
0.0554917
0.0465933
0.0459226
0.0541146
0.0456284
0.0572535
0.0735191
0.0755103
0.0590386
0.0517217
0.0836195
0.0440572
0.0458043
0.0432238
0.0531068
0.0540876
0.0477598
0.0403059
0.0638984
0.0459699
0.0465677
0.0436882
0.0423445
0.0516264
0.0448508
0.0487073
0.0442024
0.0453852
0.0464023
0.0399477
0.0354354
0.0557627
0.0564971
0.0485465
0.0504926
0.0518162
0.0385798
0.0421452
0.0472437
0.0403329
0.0368218
0.0454933
0.0442318
0.0494371
0.0492362
0.0529398
0.0393981
0.0455558
0.039583
0.0419703
0.0520853
0.0445921
0.0481141
0.0596594
0.0534693
0.0441179
0.0531739
0.0428367
0.0379554
0.0396622
0.0419411
0.0613436
0.0503872
0.0478803
0.047053
0.038656
0.0512499
0.054765
0.047762
0.0420093
0.0421829
0.040433
0.0655551
0.0525178
0.0591245
0.0429188
0.0450369
0.0336495
0.0484946
0.0380839
0.0575865
0.0497474
0.034934
0.0533175
0.0462333
0.0406454
0.0534343
0.0555425
0.0445049
0.0467342
0.0478652
0.0521269
0.0480845
0.0475133
0.0530138
0.0452903
0.055645
0.0539737
0.0603073
0.0554188
0.0508589
0.0582448
0.0644833
0.0434807
0.0574431
0.054768
0.0350279
0.0427136
0.0591467
0.0501164
0.0584286
0.0443413
0.0514688
0.044094
0.043217
0.0435088
0.0413001
0.0448169
0.0412688
0.0425371
0.0512235
0.0500846
0.0367358
0.0432745
0.0457321
0.0569925
0.0635595
0.0553514
0.0456762
0.0415116
0.0483611
0.0442532
0.0447954
0.0414751
0.0418616
0.0565465
0.0370348
0.0431401
0.0485643
0.0473031
0.0532175
0.0555137
0.0714558
0.0477783
0.0482559
0.044816
0.0419705
0.0450453
0.0408345
0.0579523
0.0546565
0.0472787
0.043201
0.0413073
0.0410224
0.0565553
0.0486511
0.0538455
0.0532815
0.0590564
0.0538746
0.0472596
0.0398178
0.0567087
0.0517556
0.0507052
0.048142
0.0423326
0.044003
0.0424787
0.0484861
0.0622543
0.0448423
0.0609924
0.0605034
0.0602845
0.0544382
0.0487531
0.0822276
0.0533116
0.0407269
0.0335185
0.0492678
0.0423087
0.0339494
0.0428423
0.0547933
0.05045
0.0596716
0.0780873
0.0547439
0.0494532
0.0636888
0.059411
0.0405228
0.0466674
0.0538722
0.0461949
0.0504704
0.0489485
0.0410399
0.04277
0.0427837
0.0541014
0.040809
0.0364018
0.037896
0.0343627
0.0452964
0.0410977
0.0436887
0.053811
0.0578097
0.0738773
0.0603498
0.0565654
0.0688387
0.0632234
0.0495044
0.0437726
0.0498532
0.0631049
0.053303
0.0545557
0.0625151
0.0378746
0.0442802
0.0409279
0.0399099
0.0403643
0.049663
0.0497021
0.0475936
0.047556
0.0451371
0.0502082
0.0703249
0.0464753
0.0405941
0.0377471
0.0512334
0.0382849
0.0481721
0.0518076
0.0658775
0.0629861
0.0589619
0.0552217
0.0565645
0.0434147
0.0436435
0.0509476
0.0510684
0.0503605
0.0432835
0.0475134
0.0436198
0.0549756
0.0522337
0.0609559
0.0503879
0.0513717
0.0515147
0.0435911
0.041346
0.0425669
0.0440699
0.0479997
0.0416682
0.0431021
0.0526519
0.0515481
0.0408845
0.032896
0.0382193
0.0466676
0.0403454
0.0430302
0.0486951
0.068635
0.0533933
0.0462403
0.0475799
0.0403209
0.0491045
0.0643414
0.0551014
0.0519314
0.0566484
0.0481766
0.0546054
0.0518184
0.0593856
0.0555264
0.0574942
0.0609324
0.0481186
0.041305
0.058737
0.0518285
0.059729
0.0570364
0.0511422
0.0479759
0.0585864
0.0577394
0.0607626
0.0516778
0.0438639
0.0407676
0.056446
0.0561675
0.049592
0.0427218
0.0445583
0.0511828
0.0452888
0.0428601
0.0474745
0.0544825
0.052904
0.0420714
0.0469432
0.0402927
0.0427523
0.0431324
0.0467857
0.0418771
0.0519571
0.0549088
0.0443216
0.0570068
0.0466705
0.0418757
0.0663184
0.0568598
0.0460369
0.0432408
0.0584227
0.0422117
0.0413426
0.0458947
0.0471651
0.0442363
0.0417777
0.0509864
0.0558819
0.039462
0.0387419
0.0404148
0.0456586
0.0515431
0.0463174
0.0466422
0.0416592
0.0390978
0.0451248
0.0630277
0.0647619
0.0448015
0.053225
0.0398385
0.0561403
0.0586779
0.0601666
0.0409883
0.0572726
0.0548764
0.0607627
0.0619972
0.0508128
0.0418234
0.0676563
0.0395698
0.0452383
0.0430248
0.0496941
0.063371
0.047094
0.0373424
0.0465475
0.0381403
0.062396
0.0495413
0.0470625
0.0367711
0.0450721
0.0568993
0.0413503
0.0535989
0.0579237
0.0694366
0.0647436
0.043545
0.0382048
0.0557101
