1,-0.412816,0
2,-0.41459,0.00177386
3,-0.414717,0.00103193
4,-0.414921,0.000757646
5,-0.415243,0.000669551
6,-0.415326,0.000552924
7,-0.414865,0.000656271
8,-0.41498,0.000579877
9,-0.414961,0.000511761
10,-0.414824,0.000477677
11,-0.414616,0.000479677
12,-0.414526,0.00044703
13,-0.414633,0.000424905
14,-0.414741,0.000407824
15,-0.414778,0.000381503
16,-0.414726,0.000360564
17,-0.414507,0.000403651
18,-0.414375,0.000402874
19,-0.414321,0.000384887
20,-0.414395,0.000372524
21,-0.414428,0.00035588
22,-0.414511,0.000349453
23,-0.414507,0.000333946
24,-0.414488,0.000320277
25,-0.414512,0.000308175
26,-0.414547,0.000298081
27,-0.414587,0.000289576
28,-0.414534,0.000284022
29,-0.41452,0.000274408
30,-0.414532,0.000265389
31,-0.414547,0.000257154
32,-0.414452,0.000266772
33,-0.414436,0.000259048
34,-0.414405,0.000253147
35,-0.414422,0.000246358
36,-0.414456,0.000241871
37,-0.414394,0.000243288
38,-0.414369,0.000238154
39,-0.414398,0.000233791
40,-0.414372,0.000229398
41,-0.414355,0.000224311
42,-0.414407,0.000224794
43,-0.414407,0.000219504
44,-0.414372,0.000217241
45,-0.414377,0.000212406
46,-0.414324,0.000214263
47,-0.414328,0.000209701
48,-0.414325,0.000205316
49,-0.414324,0.000201084
50,-0.41433,0.000197103
51,-0.414358,0.000195181
52,-0.414364,0.000191502
53,-0.414329,0.000191121
54,-0.414313,0.000188253
55,-0.414353,0.000189133
56,-0.414353,0.000185725
57,-0.414323,0.000184932
58,-0.414323,0.000181716
59,-0.41432,0.000178633
60,-0.414306,0.000176218
61,-0.414321,0.000174
62,-0.41431,0.000171519
63,-0.414357,0.000175191
64,-0.414376,0.000173474
65,-0.414425,0.000177701
66,-0.414389,0.000178668
67,-0.414359,0.000178509
68,-0.414349,0.000176184
69,-0.414374,0.000175505
70,-0.414359,0.000173669
71,-0.414372,0.000171729
72,-0.414364,0.000169532
73,-0.414357,0.000167337
74,-0.414356,0.000165068
75,-0.414382,0.00016498
76,-0.414334,0.000169778
77,-0.414323,0.000167902
78,-0.414329,0.000165826
79,-0.414315,0.000164265
80,-0.414333,0.000163165
81,-0.414329,0.000161188
82,-0.414328,0.000159214
83,-0.414292,0.00016122
84,-0.414324,0.000162371
85,-0.414312,0.000160879
86,-0.41428,0.000162116
87,-0.414265,0.000160957
88,-0.41426,0.0001592
89,-0.414267,0.000157548
90,-0.414285,0.000156878
91,-0.414291,0.00015524
92,-0.414292,0.000153549
93,-0.414302,0.000152222
94,-0.414322,0.000151898
95,-0.414339,0.000151201
96,-0.414335,0.000149657
97,-0.414336,0.000148109
98,-0.414318,0.000147666
99,-0.414286,0.000149761
100,-0.414277,0.000148511
