0,0,0
0.064633,0,0
0.129266,0,0
0.193899,0,0
0.258532,0,0
0.323165,0,0
0.387798,0,0
0.452431,0,0
0.517064,0,0
0.581697,0,0
0.64633,0,0
0.710963,0,0
0.775596,0,0
0.84023,0.000990221,4.02682e-05
0.904863,0.148446,0.000430202
0.969496,1.06171,0.00161742
1.03413,2.04188,0.00218944
1.09876,2.26437,0.00262163
1.16339,2.08809,0.00191836
1.22803,1.83424,0.00189723
1.29266,1.61674,0.00142431
1.35729,1.4543,0.00132951
1.42193,1.33387,0.00108508
1.48656,1.25204,0.00106947
1.55119,1.18889,0.000997521
1.61583,1.14315,0.000913194
1.68046,1.11133,0.000946961
1.74509,1.09112,0.000738878
1.80973,1.07481,0.000905871
1.87436,1.06631,0.000648733
1.93899,1.05987,0.000788936
2.00362,1.0586,0.000620968
2.06826,1.0543,0.000635386
2.13289,1.05177,0.000591362
2.19752,1.04892,0.000621147
2.26216,1.04194,0.00052569
2.32679,1.03701,0.000591917
2.39142,1.03051,0.000596707
2.45606,1.02623,0.000554574
2.52069,1.0207,0.000505462
2.58532,1.01714,0.000495076
2.64995,1.01429,0.000479759
2.71459,1.0098,0.000513608
2.77922,1.00818,0.000440002
2.84385,1.00538,0.000442562
2.90849,1.0034,0.000456339
2.97312,1.00222,0.000386198
3.03775,1.00042,0.000473938
3.10239,0.998736,0.000467123
3.16702,0.997257,0.000430239
3.23165,0.996678,0.000371699
3.29629,0.994706,0.000400435
3.36092,0.995237,0.000440253
3.42555,0.994678,0.000378229
3.49018,0.992978,0.000347471
3.55482,0.99252,0.000359687
3.61945,0.991667,0.00037986
3.68408,0.991373,0.000381345
3.74872,0.990903,0.000353457
3.81335,0.990422,0.000318689
3.87798,0.989629,0.000312037
3.94262,0.989647,0.000311642
4.00725,0.989775,0.000350401
4.07188,0.988815,0.000332987
4.13651,0.988703,0.000342465
4.20115,0.98844,0.000314867
4.26578,0.988028,0.000298429
4.33041,0.988218,0.000302125
4.39505,0.987919,0.000284546
4.45968,0.988084,0.000252871
4.52431,0.987341,0.000274925
4.58895,0.987122,0.000275916
4.65358,0.987068,0.000275975
4.71821,0.987149,0.00030311
4.78285,0.987028,0.00027078
4.84748,0.98675,0.000286812
4.91211,0.986597,0.000269624
4.97674,0.986629,0.000250079
5.04138,0.986304,0.000251561
5.10601,0.986114,0.000249278
5.17064,0.986121,0.000245862
5.23528,0.986523,0.000224111
5.29991,0.986071,0.000252469
5.36454,0.986325,0.000206186
5.42918,0.986314,0.000250008
5.49381,0.986365,0.000211252
5.55844,0.986313,0.000228932
5.62307,0.985974,0.000230504
5.68771,0.986415,0.000215677
5.75234,0.986033,0.000214504
5.81697,0.985843,0.000236608
5.88161,0.986146,0.000222407
5.94624,0.98553,0.00022753
6.01087,0.985921,0.00024971
6.07551,0.985748,0.000211358
6.14014,0.985538,0.000204504
6.20477,0.985625,0.000208375
6.2694,0.985991,0.000206593
6.33404,0.985973,0.000204978
6.39867,0.985997,0.00020251
