-0.297484
-0.372711
-0.425474
-0.426827
-0.441926
-0.337778
-0.323375
-0.386331
-0.428815
-0.524582
-0.380385
-0.415203
-0.43921
-0.465827
-0.479085
-0.448947
-0.39543
-0.343902
-0.385465
-0.42631
-0.431863
-0.384414
-0.401423
-0.516746
-0.539665
-0.520811
-0.484763
-0.492615
-0.475251
-0.407144
-0.423987
-0.40491
-0.503163
-0.423402
-0.399174
-0.3995
-0.356069
-0.473307
-0.435907
-0.430586
-0.432533
-0.399518
-0.382849
-0.458607
-0.40346
-0.348834
-0.397193
-0.375781
-0.395873
-0.42215
-0.418997
-0.450478
-0.460245
-0.510096
-0.421475
-0.33072
-0.424175
-0.375053
-0.376208
-0.420377
-0.429848
-0.458411
-0.43139
-0.417852
-0.398107
-0.408828
-0.388633
-0.423653
-0.397066
-0.427795
-0.52338
-0.474238
-0.450042
-0.490431
-0.490476
-0.477099
-0.601507
-0.536628
-0.507695
-0.359882
-0.327298
-0.312675
-0.341273
-0.415715
-0.360223
-0.382984
-0.387702
-0.510276
-0.421743
-0.448851
-0.450066
-0.454707
-0.431448
-0.454974
-0.460725
-0.449188
-0.407258
-0.367049
-0.377356
-0.467564
-0.464598
-0.454103
-0.438026
-0.44969
-0.451639
-0.407612
-0.474037
-0.425965
-0.416097
-0.394779
-0.390264
-0.41864
-0.4667
-0.471425
-0.357652
-0.423185
-0.428332
-0.368971
-0.328894
-0.365415
-0.377529
-0.404043
-0.420799
-0.364996
-0.442114
-0.423092
-0.368913
-0.326445
-0.30964
-0.299626
-0.405027
-0.370115
-0.398322
-0.339338
-0.391817
-0.368239
-0.308514
-0.37198
-0.346439
-0.400916
-0.327216
-0.437317
-0.374531
-0.396474
-0.347373
-0.386831
-0.399856
-0.419092
-0.399778
-0.382677
-0.461554
-0.516431
-0.514824
-0.558199
-0.5203
-0.595821
-0.597641
-0.529615
-0.513363
-0.499923
-0.485166
-0.488821
-0.385882
-0.369417
-0.39852
-0.491937
-0.471356
-0.441705
-0.43168
-0.481784
-0.500958
-0.512684
-0.492057
-0.474195
-0.466629
-0.48328
-0.432155
-0.422293
-0.371288
-0.389337
-0.438903
-0.422386
-0.473203
-0.503126
-0.486825
-0.46204
-0.416456
-0.424452
-0.427733
-0.416855
-0.451693
-0.446366
-0.455075
-0.443602
-0.456211
-0.461743
-0.470252
-0.451549
-0.407389
-0.398832
-0.379203
-0.397243
-0.376434
-0.404135
-0.34543
-0.39056
-0.355574
-0.371759
-0.332692
-0.393883
-0.420484
-0.401594
-0.493535
-0.457265
-0.423188
-0.41271
-0.391157
-0.335406
-0.337273
-0.347593
-0.379257
-0.356125
-0.397232
-0.38323
-0.441349
-0.422075
-0.392215
-0.360075
-0.341348
-0.379738
-0.376104
-0.408421
-0.344428
-0.352615
-0.378698
-0.392223
-0.473912
-0.386677
-0.440347
-0.411489
-0.437901
-0.420675
-0.430981
-0.403028
-0.443485
-0.39018
-0.455374
-0.49965
-0.410285
-0.367326
-0.291343
-0.362412
-0.437313
-0.397911
-0.472576
-0.465791
-0.420076
-0.399209
-0.315583
-0.300814
-0.340663
-0.385976
-0.323368
-0.371803
-0.385509
-0.43259
-0.458783
-0.4427
-0.385546
-0.372854
-0.345984
-0.395392
-0.530072
-0.578523
-0.545675
-0.478444
-0.474792
-0.407872
-0.364394
-0.347066
-0.328565
-0.328208
-0.432902
-0.376614
-0.445473
-0.383918
-0.352263
-0.419288
-0.441624
-0.41628
-0.407778
-0.372368
-0.354912
-0.440769
-0.353994
-0.335873
-0.323856
-0.323746
-0.385694
-0.393654
-0.398321
-0.421829
-0.402193
-0.378056
-0.460365
-0.493
-0.493163
-0.522972
-0.446894
-0.499999
-0.499009
-0.523291
-0.447268
-0.483941
-0.498151
-0.538053
-0.447675
-0.449423
-0.40081
-0.411141
-0.443906
-0.431882
-0.470792
-0.519823
-0.500555
-0.499568
-0.510535
-0.478935
-0.430795
-0.422935
-0.39626
-0.416349
-0.435047
-0.428619
-0.419444
-0.360281
-0.431664
-0.460829
-0.419817
-0.474278
-0.468341
-0.423479
-0.444984
-0.500725
-0.477782
-0.462077
-0.425795
-0.375277
-0.326921
-0.399688
-0.403648
-0.316501
-0.327452
-0.272756
-0.317224
-0.395508
-0.419636
-0.462629
-0.518685
-0.473781
-0.408817
-0.436096
-0.417953
-0.418135
-0.394595
-0.460162
-0.489584
-0.40996
-0.402544
-0.40039
-0.379087
-0.411588
-0.363982
-0.371439
-0.390386
-0.461915
-0.413642
-0.347057
-0.365796
-0.3065
-0.383453
-0.453489
-0.439203
-0.450875
-0.35308
-0.380305
-0.425256
-0.470332
-0.416849
-0.430336
-0.421494
-0.398669
-0.406094
-0.345528
-0.365163
-0.383891
-0.405754
-0.458176
-0.467551
-0.50454
-0.399663
-0.397108
-0.410495
-0.440192
-0.402764
-0.334256
-0.388522
-0.331541
-0.342794
-0.311054
-0.356424
-0.324137
-0.299693
-0.35658
-0.347151
-0.419498
-0.421851
-0.404293
-0.368012
-0.395828
-0.452413
-0.452367
-0.368981
-0.386182
-0.358918
-0.385769
-0.415399
-0.427086
-0.424201
-0.390175
-0.404233
-0.389476
-0.431976
-0.436653
-0.429533
-0.381585
-0.385709
-0.412525
-0.428662
-0.42827
-0.536509
-0.500832
-0.463452
-0.479866
-0.472577
-0.468879
-0.485696
-0.509173
-0.52197
-0.479016
-0.509714
-0.485676
-0.453004
-0.439673
-0.390139
-0.439681
-0.392993
-0.395724
-0.415084
-0.359099
-0.322519
-0.390941
-0.396996
-0.454637
-0.39944
-0.390479
-0.433082
-0.425418
-0.471654
-0.459663
-0.416337
-0.410063
-0.417955
-0.427172
-0.458609
-0.489121
-0.435977
-0.413702
-0.384238
-0.465159
-0.500408
-0.483994
-0.430361
-0.399212
-0.353318
-0.399617
-0.475897
-0.460775
-0.460626
-0.446306
-0.461541
-0.429419
-0.456254
-0.449458
-0.424578
-0.448867
-0.412972
-0.39755
-0.386198
-0.371482
-0.415903
-0.369909
-0.421453
-0.535996
-0.530645
-0.554209
-0.477965
-0.476803
-0.445049
-0.516671
-0.512621
-0.484951
-0.366591
-0.325407
-0.421211
-0.406626
-0.450419
-0.463328
-0.515749
-0.481564
-0.471141
-0.414722
-0.441817
-0.401361
-0.454206
-0.463116
-0.560329
-0.43253
-0.384877
-0.402245
-0.342354
-0.347293
-0.391335
-0.404117
-0.436438
-0.456767
-0.537704
-0.498971
-0.461197
-0.480599
-0.469611
-0.48543
-0.499995
-0.5196
-0.431299
-0.419581
-0.444659
-0.504793
-0.481087
-0.461783
-0.430263
-0.455394
-0.425885
-0.383867
-0.416819
-0.410051
-0.434486
-0.387541
-0.363942
-0.405688
-0.420144
-0.411665
-0.399458
-0.369565
-0.405017
-0.383491
-0.36787
-0.328287
-0.302546
-0.325858
-0.325234
-0.385772
-0.363376
-0.359942
-0.457798
-0.4257
-0.415154
-0.36992
-0.288941
-0.307885
-0.404735
-0.426656
-0.400669
-0.415423
-0.434147
-0.42361
-0.411348
-0.428965
-0.405208
-0.400956
-0.360177
-0.332765
-0.35843
-0.297148
-0.340718
-0.35184
-0.337953
-0.405963
-0.403105
-0.328913
-0.340656
-0.383186
-0.412352
-0.38731
-0.412764
-0.426662
-0.386258
-0.383831
-0.50011
-0.516295
-0.495893
-0.472323
-0.430559
-0.504545
-0.475649
-0.503633
-0.474071
-0.399356
-0.461473
-0.354302
-0.377488
-0.301785
-0.428004
-0.378138
-0.463774
-0.449059
-0.466758
-0.418633
-0.386787
-0.438872
-0.41592
-0.472628
-0.446956
-0.405283
-0.422704
-0.426265
-0.39256
-0.419117
-0.336589
-0.416748
-0.403133
-0.432955
-0.442065
-0.369106
-0.380184
-0.427579
-0.402259
-0.461517
-0.426457
-0.456457
-0.426451
-0.411964
-0.366549
-0.357697
-0.423671
-0.373171
-0.331033
-0.358245
-0.356811
-0.367987
-0.42793
-0.359921
-0.356847
-0.376524
-0.392184
-0.380827
-0.381612
-0.341641
-0.465392
-0.508419
-0.452349
-0.385642
-0.435711
-0.356865
-0.347403
-0.406327
-0.43568
-0.399582
-0.430683
-0.449376
-0.416778
-0.417759
-0.417134
-0.341092
-0.365404
-0.396188
-0.392945
-0.382405
-0.410274
-0.37625
-0.33842
-0.372565
-0.418535
-0.437815
-0.364682
-0.391956
-0.399093
-0.379038
-0.331245
-0.338932
-0.382486
-0.457562
-0.485935
-0.469574
-0.344757
-0.335585
-0.380234
-0.465334
-0.449004
-0.408418
-0.482856
-0.449125
-0.400769
-0.432791
-0.373297
-0.371362
-0.415935
-0.40454
-0.483952
-0.319653
-0.345357
-0.3755
-0.409022
-0.379402
-0.379794
-0.337846
-0.401454
-0.456359
-0.372783
-0.366351
-0.378252
-0.415233
-0.374892
-0.356852
-0.319471
-0.372189
-0.390982
-0.441261
-0.366679
-0.389399
-0.430653
-0.44704
-0.401839
-0.385663
-0.402924
-0.341815
-0.401258
-0.369863
-0.443175
-0.359279
-0.378751
-0.406841
-0.48614
-0.515699
-0.386506
-0.346424
-0.35606
-0.388174
-0.410361
-0.497339
-0.494337
-0.509258
-0.493618
-0.352328
-0.363436
-0.423741
-0.386647
-0.423767
-0.397599
-0.44739
-0.415647
-0.429598
-0.434941
-0.41141
-0.471409
-0.497137
-0.432912
-0.429569
-0.385314
-0.434395
-0.404423
-0.366035
-0.376679
-0.391175
-0.360144
-0.388114
-0.408136
-0.368701
-0.373565
-0.454446
-0.460182
-0.396733
-0.476326
-0.429068
-0.400958
-0.392133
-0.443894
-0.42773
-0.453725
-0.436327
