0,0,0
0.0256496,0,0
0.0512993,0,0
0.0769489,0,0
0.102599,0,0
0.128248,0,0
0.153898,0,0
0.179547,0,0
0.205197,0,0
0.230847,0,0
0.256496,0,0
0.282146,0,0
0.307796,0,0
0.333445,0,0
0.359095,0,0
0.384745,0,0
0.410394,0,0
0.436044,0,0
0.461694,0,0
0.487343,0,0
0.512993,0,0
0.538642,0,0
0.564292,0,0
0.589942,0,0
0.615591,0,0
0.641241,0,0
0.666891,0,0
0.69254,0,0
0.71819,0,0
0.74384,0,0
0.769489,0,0
0.795139,0,0
0.820788,0,0
0.846438,0,0
0.872088,0.00088037,0.000331781
0.897737,0.0209514,0.00216653
0.923387,0.16301,0.00665047
0.949037,0.571532,0.0141792
0.974686,1.1884,0.0192417
1.00034,1.88746,0.028814
1.02599,2.3467,0.0318235
1.05164,2.52195,0.0340259
1.07728,2.49291,0.0341048
1.10293,2.38936,0.0336145
1.12858,2.15214,0.0287611
1.15423,1.90542,0.0266959
1.17988,1.69704,0.0233768
1.20553,1.54371,0.0222339
1.23118,1.34513,0.0201262
1.25683,1.21092,0.0191514
1.28248,1.1164,0.0175093
1.30813,1.05773,0.016783
1.33378,0.960244,0.0155336
1.35943,0.888118,0.0149218
1.38508,0.850608,0.0141077
1.41073,0.792988,0.0130846
1.43638,0.760629,0.0124078
1.46203,0.713217,0.0121123
1.48768,0.688565,0.0119205
1.51333,0.660058,0.0110609
1.53898,0.65229,0.0114591
1.56463,0.638889,0.0108856
1.59028,0.655895,0.0101901
1.61593,0.678835,0.0110687
1.64158,0.682719,0.0110345
1.66723,0.707964,0.0112793
1.69288,0.748717,0.01199
1.71853,0.773648,0.0116221
1.74418,0.811496,0.0118704
1.76983,0.832258,0.0120573
1.79547,0.880179,0.0127863
1.82112,0.924138,0.0123951
1.84677,0.972573,0.0135424
1.87242,1.00111,0.0132687
1.89807,1.0483,0.0141599
1.92372,1.08104,0.0135002
1.94937,1.1178,0.0144423
1.97502,1.14632,0.0144555
2.00067,1.17265,0.0143025
2.02632,1.17933,0.0144497
2.05197,1.19685,0.0144984
2.07762,1.20699,0.0146188
2.10327,1.19624,0.0150947
2.12892,1.19425,0.014829
2.15457,1.18006,0.0148021
2.18022,1.14628,0.01421
2.20587,1.11783,0.013719
2.23152,1.10325,0.013432
2.25717,1.05559,0.0128514
2.28282,1.02001,0.0132635
2.30847,0.991833,0.0120787
2.33412,0.987166,0.0117752
2.35977,0.965112,0.0117078
2.38542,0.939677,0.0121943
2.41107,0.914797,0.0118641
2.43672,0.897512,0.0113172
2.46237,0.891022,0.0112178
2.48802,0.890022,0.0113815
2.51366,0.881163,0.0113365
2.53931,0.880362,0.0108434
