1.2
1.2
1.2
1.2
1.2
1.2
1.2
1.2
1.2
1.2
1.2
1.2
1.2
1.2
1.2
1.2
1.20001
1.20001
1.20001
1.20001
1.20001
1.20001
1.20001
1.20001
1.20001
1.20001
1.20001
1.20002
1.20002
1.20002
1.20002
1.20002
1.20002
1.20002
1.20002
1.20003
1.20003
1.20003
1.20003
1.20003
1.20003
1.20004
1.20004
1.20004
1.20004
1.20004
1.20005
1.20005
1.20005
1.20005
1.20005
1.20006
1.20006
1.20006
1.20006
1.20007
1.20007
1.20007
1.20007
1.20008
1.20008
1.20008
1.20008
1.20009
1.20009
1.20009
1.20009
1.2001
1.2001
1.2001
1.20011
1.20011
1.20011
1.20012
1.20012
1.20012
1.20012
1.20013
1.20013
1.20014
1.20014
1.20014
1.20015
1.20015
1.20015
1.20016
1.20016
1.20016
1.20017
1.20017
1.20018
1.20018
1.20018
1.20019
1.20019
1.2002
1.2002
1.2002
1.20021
1.20021
1.20022
1.20022
1.20023
1.20023
1.20024
1.20024
1.20024
1.20025
1.20025
1.20026
1.20026
1.20027
1.20027
1.20028
1.20028
1.20029
1.20029
1.2003
1.2003
1.20031
1.20031
1.20032
1.20033
1.20033
1.20034
1.20034
1.20035
1.20035
1.20036
1.20036
1.20037
1.20038
1.20038
1.20039
1.20039
1.2004
1.20041
1.20041
1.20042
1.20042
1.20043
1.20044
1.20044
1.20045
1.20046
1.20046
1.20047
1.20048
1.20048
1.20049
1.2005
1.2005
1.20051
1.20052
1.20052
1.20053
1.20054
1.20054
1.20055
1.20056
1.20057
1.20057
1.20058
1.20059
1.2006
1.2006
1.20061
1.20062
1.20063
1.20063
1.20064
1.20065
1.20066
1.20067
1.20067
1.20068
1.20069
1.2007
1.20071
1.20072
1.20072
1.20073
1.20074
1.20075
1.20076
1.20077
1.20077
1.20078
1.20079
1.2008
1.20081
1.20082
1.20083
1.20084
1.20085
1.20086
1.20086
1.20087
1.20088
1.20089
1.2009
1.20091
1.20092
1.20093
1.20094
1.20095
1.20096
1.20097
1.20098
1.20099
1.201
1.20101
1.20102
1.20103
1.20104
1.20105
1.20106
1.20107
1.20108
1.20109
1.2011
1.20111
1.20113
1.20114
1.20115
1.20116
1.20117
1.20118
1.20119
1.2012
1.20121
1.20122
1.20124
1.20125
1.20126
1.20127
1.20128
1.20129
1.20131
1.20132
1.20133
1.20134
1.20135
1.20137
1.20138
1.20139
1.2014
1.20141
1.20143
1.20144
1.20145
1.20146
1.20148
1.20149
1.2015
1.20152
1.20153
1.20154
1.20155
1.20157
1.20158
1.20159
1.20161
1.20162
1.20163
1.20165
1.20166
1.20167
1.20169
1.2017
1.20172
1.20173
1.20174
1.20176
1.20177
1.20179
1.2018
1.20181
1.20183
1.20184
1.20186
1.20187
1.20189
1.2019
1.20192
1.20193
1.20195
1.20196
1.20198
1.20199
1.20201
1.20202
1.20204
1.20205
1.20207
1.20208
1.2021
1.20211
1.20213
1.20215
1.20001
1.20002
1.20004
1.20006
1.20007
1.20009
1.2001
1.20012
1.20014
1.20015
1.20017
1.20019
1.2002
1.20022
1.20024
1.20025
1.20027
1.20029
1.20031
1.20032
1.20034
1.20036
1.20038
1.20039
1.20041
1.20043
1.20045
1.20046
1.20048
1.2005
1.20052
1.20054
1.20056
1.20057
1.20059
1.20061
1.20063
1.20065
1.20067
1.20069
1.2007
1.20072
1.20074
1.20076
1.20078
1.2008
1.20082
1.20084
1.20086
1.20088
1.2009
1.20092
1.20094
1.20096
1.20098
1.201
1.20102
1.20104
1.20106
1.20108
1.2011
1.20112
1.20114
1.20116
1.20118
1.20121
1.20123
1.20125
1.20127
1.20129
1.20131
1.20133
1.20136
1.20138
1.2014
1.20142
1.20144
1.20147
1.20149
1.20151
1.20153
1.20155
1.20158
1.2016
1.20162
1.20165
1.20167
1.20169
1.20172
1.20174
1.20176
1.20179
1.20181
1.20183
1.20186
1.20188
1.2019
1.20193
1.20195
1.20198
1.202
1.20203
1.20205
1.20207
1.2021
1.20212
1.20215
1.20217
1.2022
1.20222
1.20225
1.20228
1.2023
1.20233
1.20235
1.20238
1.2024
1.20243
1.20246
1.20248
1.20251
1.20254
1.20256
1.20259
1.20262
1.20264
1.20267
1.2027
1.20272
1.20275
1.20278
1.20281
1.20283
1.20286
1.20289
1.20292
1.20295
1.20297
1.203
1.20303
1.20306
1.20309
1.20312
1.20315
1.20318
1.2032
1.20323
1.20326
1.20329
1.20332
1.20335
1.20338
1.20341
1.20344
1.20347
1.2035
1.20353
1.20356
1.20359
1.20363
1.20366
1.20369
1.20372
1.20375
1.20378
1.20381
1.20385
1.20388
1.20391
1.20394
1.20397
1.20401
1.20404
1.20407
1.2041
1.20414
1.20417
1.2042
1.20424
1.20427
1.2043
1.20434
1.20437
1.2044
1.20444
1.20447
1.20451
1.20454
1.20458
1.20461
1.20465
1.20468
1.20472
1.20475
1.20479
1.20482
1.20486
1.20489
1.20493
1.20497
1.205
1.20504
1.20508
1.20511
1.20515
1.20519
1.20522
1.20526
1.2053
1.20534
1.20538
1.20541
1.20545
1.20549
1.20553
1.20557
1.20561
1.20564
1.20568
1.20572
1.20576
1.2058
1.20584
1.20588
1.20592
1.20596
1.206
1.20604
1.20608
1.20612
1.20616
1.20621
1.20625
1.20629
1.20633
1.20637
1.20641
1.20646
1.2065
1.20654
1.20658
1.20663
1.20667
1.20671
1.20676
1.2068
1.20684
1.20689
1.20693
1.20697
1.20702
1.20706
1.20711
1.20715
1.2072
1.20724
1.20729
1.20733
1.20738
1.20743
1.20747
1.20752
1.20756
1.20761
1.20766
1.20771
1.20775
1.2078
1.20785
1.2079
1.20794
1.20799
1.20804
1.20809
1.20814
1.20819
1.20824
1.20829
1.20833
1.20838
1.20843
1.20848
1.20853
1.20859
1.20864
1.20869
1.20874
1.20879
1.20884
1.20889
1.20895
1.209
1.20905
1.2091
1.20916
1.20921
1.20926
1.20932
1.20937
1.20942
1.20003
1.20008
1.20014
1.20019
1.20024
1.2003
1.20036
1.20041
1.20047
1.20052
1.20058
1.20063
1.20069
1.20075
1.20081
1.20086
1.20092
1.20098
1.20104
1.20109
1.20115
1.20121
1.20127
1.20133
1.20139
1.20145
1.20151
1.20157
1.20163
1.20169
1.20175
1.20181
1.20187
1.20193
1.20199
1.20206
1.20212
1.20218
1.20224
1.20231
1.20237
1.20243
1.2025
1.20256
1.20263
1.20269
1.20276
1.20282
1.20289
1.20295
1.20302
1.20308
1.20315
1.20322
1.20328
1.20335
1.20342
1.20349
1.20355
1.20362
1.20369
1.20376
1.20383
1.2039
1.20397
1.20404
1.20411
1.20418
1.20425
1.20432
1.20439
1.20446
1.20454
1.20461
1.20468
1.20475
1.20483
1.2049
1.20497
1.20505
1.20512
1.2052
1.20527
1.20535
1.20542
1.2055
1.20557
1.20565
1.20573
1.2058
1.20588
1.20596
1.20604
1.20611
1.20619
1.20627
1.20635
1.20643
1.20651
1.20659
1.20667
1.20675
1.20683
1.20691
1.207
1.20708
1.20716
1.20724
1.20733
1.20741
1.20749
1.20758
1.20766
1.20775
1.20783
1.20792
1.208
1.20809
1.20818
1.20826
1.20835
1.20844
1.20852
1.20861
1.2087
1.20879
1.20888
1.20897
1.20906
1.20915
1.20924
1.20933
1.20942
1.20951
1.20961
1.2097
1.20979
1.20989
1.20998
1.21007
1.21017
1.21026
1.21036
1.21045
1.21055
1.21065
1.21074
1.21084
1.21094
1.21104
1.21113
1.21123
1.21133
1.21143
1.21153
1.21163
1.21173
1.21183
1.21193
1.21204
1.21214
1.21224
1.21234
1.21245
1.21255
1.21266
1.21276
1.21287
1.21297
1.21308
1.21318
1.21329
1.2134
1.21351
1.21361
1.21372
1.21383
1.21394
1.21405
1.21416
1.21427
1.21438
1.21449
1.21461
1.21472
1.21483
1.21495
1.21506
1.21517
1.21529
1.2154
1.21552
1.21564
1.21575
1.21587
1.21599
1.21611
1.21622
1.21634
1.21646
1.21658
1.2167
1.21682
1.21694
1.21707
1.21719
1.21731
1.21743
1.21756
1.21768
1.21781
1.21793
1.21806
1.21818
1.21831
1.21844
1.21857
1.21869
1.21882
1.21895
1.21908
1.21921
1.21934
1.21947
1.21961
1.21974
1.21987
1.22
1.22014
1.22027
1.22041
1.22054
1.22068
1.22082
1.22095
1.22109
1.22123
1.22137
1.22151
1.22165
1.22179
1.22193
1.22207
1.22221
1.22235
1.2225
1.22264
1.22278
1.22293
1.22307
1.22322
1.22336
1.22351
1.22366
1.22381
1.22396
1.2241
1.22425
1.2244
1.22456
1.22471
1.22486
1.22501
1.22516
1.22532
1.22547
1.22563
1.22578
1.22594
1.2261
1.22625
1.22641
1.22657
1.22673
1.22689
1.22705
1.22721
1.22737
1.22753
1.2277
1.22786
1.22802
1.22819
1.22835
1.22852
1.22868
1.22885
1.22902
1.22919
1.22935
1.22952
1.22969
1.22986
1.23004
1.23021
1.23038
1.23055
1.23073
1.2309
1.23108
1.20009
1.20026
1.20043
1.20061
1.20079
1.20096
1.20114
1.20132
1.20149
1.20167
1.20185
1.20203
1.20221
1.20239
1.20257
1.20276
1.20294
1.20312
1.20331
1.20349
1.20368
1.20386
1.20405
1.20424
1.20442
1.20461
1.2048
1.20499
1.20518
1.20537
1.20556
1.20576
1.20595
1.20614
1.20634
1.20653
1.20673
1.20692
1.20712
1.20731
1.20751
1.20771
1.20791
1.20811
1.20831
1.20851
1.20871
1.20891
1.20911
1.20931
1.20952
1.20972
1.20992
1.21013
1.21033
1.21054
1.21074
1.21095
1.21116
1.21137
1.21157
1.21178
1.21199
1.2122
1.21241
1.21262
1.21283
1.21305
1.21326
1.21347
1.21368
1.2139
1.21411
1.21433
1.21454
1.21476
1.21497
1.21519
1.2154
1.21562
1.21584
1.21606
1.21627
1.21649
1.21671
1.21693
1.21715
1.21737
1.21759
1.21781
1.21803
1.21825
1.21847
1.21869
1.21891
1.21913
1.21935
1.21958
1.2198
1.22002
1.22024
1.22046
1.22069
1.22091
1.22113
1.22135
1.22158
1.2218
1.22202
1.22224
1.22247
1.22269
1.22291
1.22313
1.22336
1.22358
1.2238
1.22402
1.22424
1.22447
1.22469
1.22491
1.22513
1.22535
1.22557
1.22579
1.22601
1.22623
1.22644
1.22666
1.22688
1.2271
1.22731
1.22753
1.22775
1.22796
1.22817
1.22839
1.2286
1.22881
1.22903
1.22924
1.22945
1.22966
1.22987
1.23007
1.23028
1.23049
1.23069
1.2309
1.2311
1.2313
1.2315
1.2317
1.2319
1.2321
1.2323
1.23249
1.23269
1.23288
1.23308
1.23327
1.23346
1.23365
1.23383
1.23402
1.23421
1.23439
1.23457
1.23475
1.23493
1.23511
1.23529
1.23546
1.23564
1.23581
1.23598
1.23615
1.23632
1.23649
1.23665
1.23682
1.23698
1.23714
1.2373
1.23746
1.23762
1.23777
1.23793
1.23808
1.23823
1.23838
1.23853
1.23868
1.23882
1.23896
1.23911
1.23925
1.23939
1.23953
1.23966
1.2398
1.23993
1.24007
1.2402
1.24033
1.24046
1.24059
1.24072
1.24084
1.24097
1.24109
1.24121
1.24133
1.24145
1.24157
1.24169
1.24181
1.24193
1.24204
1.24216
1.24227
1.24238
1.24249
1.24261
1.24272
1.24282
1.24293
1.24304
1.24315
1.24325
1.24336
1.24346
1.24356
1.24366
1.24376
1.24386
1.24396
1.24406
1.24416
1.24425
1.24435
1.24444
1.24453
1.24462
1.24471
1.2448
1.24488
1.24496
1.24505
1.24513
1.24521
1.24528
1.24536
1.24543
1.2455
1.24556
1.24563
1.24569
1.24575
1.2458
1.24586
1.24591
1.24595
1.246
1.24603
1.24607
1.2461
1.24613
1.24615
1.24617
1.24618
1.24619
1.2462
1.24619
1.24619
1.24618
1.24616
1.24614
1.24611
1.24607
1.24603
1.24598
1.24593
1.24587
1.2458
1.24573
1.24565
1.24556
1.24547
1.24537
1.24526
1.24514
1.24502
1.24489
1.24475
1.2446
1.24445
1.24429
1.24412
1.19991
1.19973
1.19955
1.19936
1.19916
1.19895
1.19874
1.19852
1.1983
1.19807
1.19783
1.19759
1.19734
1.19709
1.19683
1.19656
1.1963
1.19602
1.19575
1.19547
1.19519
1.1949
1.19462
1.19433
1.19404
1.19375
1.19345
1.19316
1.19287
1.19258
1.19229
1.192
1.19172
1.19143
1.19116
1.19088
1.19061
1.19035
1.19009
1.18984
1.18959
1.18935
1.18912
1.1889
1.18869
1.18849
1.1883
1.18812
1.18795
1.18779
1.18764
1.18751
1.18739
1.18728
1.18719
1.18711
1.18705
1.187
1.18697
1.18695
1.18695
1.18697
1.187
1.18704
1.18711
1.18719
1.18729
1.1874
1.18753
1.18768
1.18784
1.18802
1.18822
1.18843
1.18866
1.18891
1.18917
1.18945
1.18974
1.19005
1.19037
1.1907
1.19105
1.19142
1.19179
1.19218
1.19259
1.193
1.19342
1.19386
1.19431
1.19476
1.19523
1.1957
1.19619
1.19668
1.19718
1.19768
1.19819
1.19871
1.19923
1.19976
1.20029
1.20083
1.20136
1.2019
1.20245
1.20299
1.20353
1.20408
1.20462
1.20517
1.20571
1.20625
1.20679
1.20732
1.20786
1.20839
1.20891
1.20943
1.20995
1.21046
1.21096
1.21146
1.21195
1.21244
1.21292
1.21339
1.21385
1.21431
1.21475
1.21519
1.21562
1.21604
1.21646
1.21686
1.21726
1.21764
1.21802
1.21839
1.21874
1.21909
1.21943
1.21976
1.22008
1.2204
1.2207
1.22099
1.22128
1.22156
1.22183
1.22209
1.22234
1.22258
1.22282
1.22305
1.22328
1.22349
1.2237
1.2239
1.2241
1.22429
1.22448
1.22466
1.22483
1.225
1.22516
1.22532
1.22548
1.22563
1.22578
1.22592
1.22606
1.22619
1.22632
1.22645
1.22658
1.2267
1.22681
1.22693
1.22704
1.22715
1.22725
1.22735
1.22745
1.22754
1.22763
1.22771
1.22779
1.22787
1.22794
1.228
1.22807
1.22812
1.22817
1.22822
1.22826
1.22829
1.22831
1.22833
1.22835
1.22835
1.22835
1.22834
1.22832
1.22829
1.22826
1.22821
1.22816
1.2281
1.22803
1.22795
1.22786
1.22776
1.22765
1.22754
1.22741
1.22727
1.22712
1.22697
1.2268
1.22662
1.22644
1.22624
1.22604
1.22582
1.2256
1.22537
1.22512
1.22488
1.22462
1.22435
1.22408
1.2238
1.22351
1.22322
1.22292
1.22262
1.22231
1.22199
1.22167
1.22135
1.22103
1.2207
1.22037
1.22003
1.2197
1.21937
1.21903
1.2187
1.21836
1.21803
1.2177
1.21737
1.21705
1.21673
1.21641
1.2161
1.21579
1.21549
1.21519
1.2149
1.21462
1.21435
1.21408
1.21382
1.21357
1.21333
1.2131
1.21288
1.21268
1.21248
1.21229
1.21211
1.21195
1.2118
1.21166
1.21153
1.21142
1.21132
1.21123
1.21115
1.21109
1.21105
1.21101
1.21099
1.21099
1.211
1.21102
1.21106
1.21111
1.21117
1.21125
1.21135
1.21145
1.21158
1.21171
1.21186
1.21203
1.2122
1.2001
1.2003
1.20052
1.20075
1.20099
1.20125
1.20151
1.20179
1.20209
1.20239
1.20271
1.20303
1.20337
1.20372
1.20408
1.20445
1.20482
1.20521
1.2056
1.20601
1.20642
1.20684
1.20727
1.2077
1.20814
1.20859
1.20904
1.20949
1.20996
1.21042
1.2109
1.21137
1.21185
1.21233
1.21282
1.21331
1.2138
1.21429
1.21478
1.21528
1.21577
1.21627
1.21677
1.21727
1.21777
1.21826
1.21876
1.21926
1.21976
1.22025
1.22075
1.22124
1.22174
1.22223
1.22272
1.22321
1.2237
1.22418
1.22466
1.22515
1.22562
1.2261
1.22658
1.22705
1.22752
1.22799
1.22845
1.22892
1.22938
1.22984
1.23029
1.23075
1.2312
1.23164
1.23209
1.23253
1.23297
1.23341
1.23384
1.23427
1.2347
1.23513
1.23555
1.23597
1.23638
1.2368
1.2372
1.23761
1.23801
1.23841
1.2388
1.2392
1.23958
1.23996
1.24034
1.24072
1.24109
1.24145
1.24182
1.24217
1.24252
1.24287
1.24321
1.24355
1.24388
1.24421
1.24453
1.24485
1.24516
1.24546
1.24576
1.24606
1.24634
1.24662
1.2469
1.24717
1.24743
1.24769
1.24794
1.24818
1.24842
1.24865
1.24887
1.24908
1.24929
1.2495
1.24969
1.24988
1.25006
1.25023
1.2504
1.25056
1.25071
1.25085
1.25099
1.25112
1.25124
1.25136
1.25146
1.25156
1.25166
1.25174
1.25182
1.25189
1.25195
1.25201
1.25205
1.2521
1.25213
1.25216
1.25217
1.25219
1.25219
1.25219
1.25218
1.25216
1.25214
1.25211
1.25208
1.25203
1.25198
1.25193
1.25186
1.2518
1.25172
1.25164
1.25155
1.25146
1.25136
1.25126
1.25115
1.25103
1.25091
1.25078
1.25065
1.25052
1.25038
1.25023
1.25008
1.24993
1.24977
1.2496
1.24944
1.24927
1.24909
1.24892
1.24873
1.24855
1.24836
1.24817
1.24798
1.24779
1.24759
1.24739
1.24719
1.24698
1.24678
1.24657
1.24636
1.24615
1.24594
1.24573
1.24552
1.24531
1.2451
1.24488
1.24467
1.24446
1.24424
1.24403
1.24382
1.24361
1.2434
1.24319
1.24298
1.24277
1.24256
1.24236
1.24215
1.24195
1.24175
1.24155
1.24135
1.24115
1.24095
1.24076
1.24057
1.24038
1.24019
1.24001
1.23982
1.23964
1.23946
1.23928
1.23911
1.23893
1.23876
1.23859
1.23842
1.23826
1.23809
1.23793
1.23777
1.23761
1.23746
1.23731
1.23716
1.23701
1.23686
1.23671
1.23657
1.23643
1.23629
1.23616
1.23602
1.23589
1.23576
1.23564
1.23551
1.23539
1.23527
1.23516
1.23504
1.23493
1.23482
1.23472
1.23462
1.23452
1.23443
1.23433
1.23425
1.23416
1.23409
1.23401
1.23394
1.23388
1.23382
1.23376
1.23371
1.23366
1.23362
1.23359
1.23356
1.23354
1.23352
1.23352
1.23351
1.23352
1.23353
1.23355
1.23357
1.2336
1.23364
1.23369
1.23375
1.23381
1.23388
1.23396
1.23404
1.23414
1.20005
1.20015
1.20027
1.20039
1.20052
1.20065
1.2008
1.20095
1.20111
1.20128
1.20145
1.20163
1.20182
1.20201
1.20221
1.20242
1.20263
1.20285
1.20307
1.2033
1.20353
1.20377
1.20401
1.20425
1.2045
1.20475
1.20501
1.20526
1.20552
1.20578
1.20605
1.20631
1.20658
1.20684
1.20711
1.20738
1.20764
1.20791
1.20817
1.20843
1.20869
1.20895
1.20921
1.20947
1.20972
1.20997
1.21022
1.21046
1.2107
1.21093
1.21117
1.21139
1.21162
1.21184
1.21205
1.21226
1.21247
1.21267
1.21286
1.21305
1.21324
1.21342
1.21359
1.21376
1.21392
1.21408
1.21423
1.21437
1.21451
1.21465
1.21478
1.2149
1.21502
1.21513
1.21524
1.21534
1.21543
1.21552
1.2156
1.21568
1.21576
1.21582
1.21589
1.21594
1.216
1.21604
1.21609
1.21612
1.21616
1.21618
1.21621
1.21623
1.21624
1.21625
1.21626
1.21626
1.21626
1.21626
1.21625
1.21624
1.21622
1.2162
1.21618
1.21616
1.21613
1.2161
1.21606
1.21603
1.21599
1.21595
1.21591
1.21586
1.21581
1.21576
1.21571
1.21566
1.21561
1.21555
1.2155
1.21544
1.21538
1.21532
1.21526
1.2152
1.21514
1.21508
1.21501
1.21495
1.21489
1.21483
1.21476
1.2147
1.21464
1.21458
1.21452
1.21446
1.2144
1.21434
1.21428
1.21423
1.21417
1.21412
1.21407
1.21402
1.21397
1.21392
1.21387
1.21383
1.21378
1.21374
1.2137
1.21367
1.21363
1.2136
1.21357
1.21354
1.21352
1.21349
1.21347
1.21346
1.21344
1.21343
1.21342
1.21341
1.21341
1.21341
1.21341
1.21341
1.21342
1.21343
1.21344
1.21346
1.21348
1.2135
1.21353
1.21356
1.21359
1.21363
1.21367
1.21371
1.21375
1.2138
1.21385
1.21391
1.21397
1.21403
1.21409
1.21416
1.21423
1.21431
1.21438
1.21447
1.21455
1.21464
1.21473
1.21482
1.21491
1.21501
1.21511
1.21522
1.21532
1.21543
1.21555
1.21566
1.21578
1.2159
1.21602
1.21614
1.21627
1.2164
1.21653
1.21667
1.2168
1.21694
1.21708
1.21722
1.21736
1.21751
1.21765
1.2178
1.21795
1.2181
1.21825
1.2184
1.21855
1.21871
1.21886
1.21902
1.21918
1.21933
1.21949
1.21965
1.21981
1.21997
1.22013
1.22028
1.22044
1.2206
1.22076
1.22092
1.22108
1.22124
1.22139
1.22155
1.22171
1.22186
1.22202
1.22217
1.22233
1.22248
1.22263
1.22278
1.22293
1.22308
1.22323
1.22337
1.22352
1.22366
1.2238
1.22394
1.22408
1.22422
1.22435
1.22449
1.22462
1.22475
1.22488
1.22501
1.22513
1.22526
1.22538
1.2255
1.22562
1.22573
1.22585
1.22596
1.22607
1.22618
1.22629
1.22639
1.22649
1.22659
1.22669
1.22679
1.22689
1.22698
1.22707
1.22716
1.22725
1.22733
1.22741
1.22749
1.22757
1.22765
1.22772
1.2278
1.22787
1.22794
1.228
1.22807
1.20003
1.20009
1.20015
1.20021
1.20026
1.20031
1.20037
1.20041
1.20046
1.20051
1.20055
1.20059
1.20063
1.20067
1.20071
1.20074
1.20077
1.2008
1.20083
1.20086
1.20088
1.20091
1.20093
1.20095
1.20096
1.20098
1.20099
1.201
1.20101
1.20102
1.20102
1.20102
1.20102
1.20102
1.20101
1.201
1.20099
1.20098
1.20097
1.20095
1.20093
1.20091
1.20088
1.20085
1.20082
1.20079
1.20075
1.20071
1.20067
1.20062
1.20057
1.20052
1.20047
1.20041
1.20035
1.20028
1.20021
1.20014
1.20007
1.19999
1.19991
1.19982
1.19973
1.19964
1.19954
1.19944
1.19934
1.19923
1.19912
1.199
1.19888
1.19876
1.19863
1.1985
1.19837
1.19823
1.19809
1.19794
1.19779
1.19764
1.19748
1.19732
1.19715
1.19698
1.19681
1.19664
1.19646
1.19628
1.19609
1.1959
1.19571
1.19552
1.19532
1.19512
1.19492
1.19472
1.19451
1.1943
1.19409
1.19388
1.19367
1.19345
1.19324
1.19302
1.1928
1.19259
1.19237
1.19215
1.19193
1.19171
1.1915
1.19128
1.19106
1.19085
1.19064
1.19043
1.19022
1.19001
1.18981
1.18961
1.18941
1.18922
1.18903
1.18884
1.18866
1.18848
1.1883
1.18813
1.18797
1.18781
1.18765
1.1875
1.18736
1.18722
1.18709
1.18696
1.18684
1.18673
1.18662
1.18652
1.18642
1.18633
1.18625
1.18617
1.18611
1.18604
1.18599
1.18594
1.1859
1.18586
1.18583
1.18581
1.18579
1.18578
1.18577
1.18578
1.18578
1.1858
1.18582
1.18584
1.18587
1.1859
1.18594
1.18599
1.18604
1.18609
1.18615
1.18621
1.18627
1.18634
1.18642
1.18649
1.18657
1.18665
1.18673
1.18682
1.18691
1.187
1.18709
1.18718
1.18727
1.18737
1.18746
1.18756
1.18765
1.18775
1.18785
1.18794
1.18804
1.18813
1.18822
1.18831
1.1884
1.18849
1.18858
1.18866
1.18875
1.18883
1.1889
1.18898
1.18905
1.18912
1.18919
1.18925
1.18931
1.18936
1.18942
1.18946
1.18951
1.18955
1.18958
1.18961
1.18964
1.18966
1.18968
1.18969
1.1897
1.1897
1.1897
1.18969
1.18968
1.18966
1.18964
1.18961
1.18958
1.18954
1.1895
1.18945
1.1894
1.18934
1.18928
1.18921
1.18914
1.18907
1.18899
1.1889
1.18881
1.18872
1.18863
1.18853
1.18843
1.18833
1.18822
1.18811
1.188
1.18789
1.18778
1.18767
1.18755
1.18744
1.18733
1.18722
1.18711
1.187
1.18689
1.18679
1.18669
1.18659
1.1865
1.18641
1.18633
1.18625
1.18618
1.18612
1.18606
1.18601
1.18597
1.18594
1.18591
1.1859
1.18589
1.1859
1.18591
1.18594
1.18598
1.18603
1.18609
1.18616
1.18625
1.18635
1.18646
1.18658
1.18671
1.18686
1.18702
1.1872
1.18739
1.18758
1.1878
1.18802
1.18826
1.18851
1.18877
1.18904
1.18933
1.18962
1.18993
1.19024
1.19057
1.1909
1.20017
1.20053
1.20089
1.20127
1.20164
1.20203
1.20242
1.20282
1.20322
1.20362
1.20403
1.20445
1.20486
1.20528
1.2057
1.20613
1.20655
1.20697
1.2074
1.20782
1.20824
1.20866
1.20908
1.2095
1.20991
1.21032
1.21073
1.21113
1.21153
1.21192
1.21231
1.2127
1.21307
1.21345
1.21381
1.21417
1.21453
1.21487
1.21521
1.21554
1.21587
1.21619
1.2165
1.2168
1.21709
1.21737
1.21765
1.21792
1.21818
1.21843
1.21867
1.21891
1.21913
1.21935
1.21955
1.21975
1.21994
1.22012
1.22029
1.22045
1.2206
1.22075
1.22088
1.221
1.22112
1.22123
1.22132
1.22141
1.22149
1.22156
1.22162
1.22168
1.22172
1.22176
1.22178
1.2218
1.22181
1.22181
1.22181
1.22179
1.22177
1.22173
1.2217
1.22165
1.22159
1.22153
1.22146
1.22139
1.2213
1.22121
1.22111
1.22101
1.2209
1.22078
1.22066
1.22053
1.2204
1.22026
1.22012
1.21997
1.21982
1.21966
1.2195
1.21934
1.21917
1.219
1.21883
1.21866
1.21848
1.2183
1.21812
1.21794
1.21776
1.21758
1.2174
1.21722
1.21704
1.21686
1.21669
1.21651
1.21634
1.21617
1.21601
1.21585
1.21569
1.21553
1.21538
1.21524
1.2151
1.21497
1.21484
1.21472
1.2146
1.21449
1.21439
1.21429
1.21421
1.21412
1.21405
1.21399
1.21393
1.21388
1.21384
1.2138
1.21378
1.21376
1.21375
1.21375
1.21376
1.21377
1.21379
1.21382
1.21386
1.2139
1.21395
1.21401
1.21407
1.21414
1.21422
1.2143
1.21439
1.21448
1.21458
1.21468
1.21479
1.21489
1.21501
1.21512
1.21524
1.21535
1.21547
1.2156
1.21572
1.21584
1.21596
1.21608
1.2162
1.21632
1.21644
1.21655
1.21667
1.21678
1.21688
1.21698
1.21708
1.21718
1.21727
1.21735
1.21743
1.21751
1.21757
1.21764
1.21769
1.21774
1.21779
1.21783
1.21786
1.21788
1.2179
1.21791
1.21791
1.21791
1.21789
1.21788
1.21785
1.21782
1.21778
1.21773
1.21768
1.21762
1.21756
1.21749
1.21741
1.21733
1.21724
1.21715
1.21705
1.21695
1.21684
1.21673
1.21661
1.2165
1.21637
1.21625
1.21613
1.216
1.21587
1.21574
1.21561
1.21549
1.21536
1.21523
1.2151
1.21498
1.21486
1.21474
1.21462
1.21451
1.2144
1.2143
1.2142
1.2141
1.21402
1.21393
1.21386
1.21379
1.21372
1.21367
1.21362
1.21358
1.21354
1.21352
1.2135
1.21349
1.21349
1.2135
1.21351
1.21354
1.21357
1.21361
1.21366
1.21372
1.21378
1.21386
1.21394
1.21403
1.21413
1.21423
1.21434
1.21446
1.21458
1.21472
1.21485
1.215
1.21514
1.2153
1.21546
1.21562
1.21578
1.21596
1.21613
1.21631
1.21649
1.21667
1.21685
1.21704
1.21722
1.21741
1.2176
1.21779
1.21798
1.21817
1.21836
1.21855
1.21874
1.21892
1.21911
1.21929
1.21947
1.21965
1.20009
1.20026
1.20043
1.2006
1.20076
1.20092
1.20108
1.20124
1.2014
1.20155
1.20169
1.20184
1.20198
1.20212
1.20225
1.20239
1.20251
1.20264
1.20276
1.20288
1.203
1.20311
1.20322
1.20332
1.20342
1.20352
1.20362
1.20371
1.2038
1.20389
1.20397
1.20405
1.20413
1.20421
1.20428
1.20435
1.20442
1.20449
1.20455
1.20461
1.20467
1.20472
1.20478
1.20483
1.20488
1.20493
1.20497
1.20502
1.20506
1.2051
1.20514
1.20518
1.20521
1.20525
1.20528
1.20531
1.20534
1.20537
1.20539
1.20542
1.20544
1.20547
1.20549
1.20551
1.20553
1.20555
1.20557
1.20558
1.2056
1.20562
1.20563
1.20564
1.20566
1.20567
1.20568
1.20569
1.2057
1.20571
1.20572
1.20573
1.20574
1.20575
1.20576
1.20576
1.20577
1.20578
1.20578
1.20579
1.2058
1.2058
1.20581
1.20581
1.20582
1.20582
1.20583
1.20583
1.20584
1.20584
1.20585
1.20585
1.20585
1.20586
1.20586
1.20587
1.20587
1.20587
1.20588
1.20588
1.20588
1.20589
1.20589
1.20589
1.2059
1.2059
1.2059
1.2059
1.2059
1.2059
1.2059
1.2059
1.2059
1.2059
1.2059
1.20589
1.20589
1.20588
1.20588
1.20587
1.20586
1.20585
1.20584
1.20582
1.20581
1.20579
1.20577
1.20575
1.20573
1.20571
1.20568
1.20565
1.20562
1.20558
1.20555
1.20551
1.20547
1.20542
1.20537
1.20532
1.20526
1.2052
1.20514
1.20508
1.20501
1.20493
1.20485
1.20477
1.20468
1.20459
1.2045
1.2044
1.20429
1.20419
1.20407
1.20395
1.20383
1.2037
1.20357
1.20343
1.20329
1.20314
1.20299
1.20283
1.20267
1.2025
1.20233
1.20215
1.20197
1.20178
1.20159
1.20139
1.20119
1.20098
1.20077
1.20056
1.20034
1.20012
1.19989
1.19966
1.19943
1.19919
1.19896
1.19871
1.19847
1.19822
1.19797
1.19772
1.19747
1.19722
1.19696
1.19671
1.19645
1.1962
1.19594
1.19569
1.19543
1.19518
1.19493
1.19468
1.19444
1.1942
1.19396
1.19372
1.19349
1.19326
1.19303
1.19282
1.1926
1.19239
1.19219
1.192
1.19181
1.19162
1.19145
1.19128
1.19112
1.19097
1.19082
1.19069
1.19056
1.19044
1.19033
1.19023
1.19014
1.19006
1.18999
1.18992
1.18987
1.18983
1.18979
1.18977
1.18975
1.18975
1.18976
1.18977
1.1898
1.18983
1.18987
1.18993
1.18999
1.19006
1.19014
1.19023
1.19033
1.19044
1.19055
1.19067
1.19081
1.19094
1.19109
1.19125
1.19141
1.19158
1.19175
1.19193
1.19212
1.19232
1.19252
1.19272
1.19293
1.19315
1.19337
1.1936
1.19383
1.19407
1.19431
1.19455
1.1948
1.19505
1.19531
1.19557
1.19583
1.19609
1.19636
1.19663
1.1969
1.19718
1.19746
1.19774
1.19802
1.1983
1.19859
1.19887
1.19916
1.19945
1.19974
1.20003
1.20032
1.20061
1.20091
1.2012
1.20015
1.20044
1.20073
1.20102
1.20132
1.20161
1.2019
1.2022
1.20249
1.20278
1.20307
1.20336
1.20365
1.20394
1.20423
1.20451
1.2048
1.20509
1.20537
1.20565
1.20593
1.20621
1.20649
1.20677
1.20704
1.20731
1.20759
1.20785
1.20812
1.20839
1.20865
1.20891
1.20917
1.20943
1.20968
1.20994
1.21019
1.21044
1.21068
1.21092
1.21117
1.2114
1.21164
1.21187
1.2121
1.21233
1.21256
1.21278
1.213
1.21322
1.21344
1.21365
1.21386
1.21407
1.21427
1.21447
1.21467
1.21487
1.21506
1.21526
1.21544
1.21563
1.21582
1.216
1.21618
1.21635
1.21653
1.2167
1.21687
1.21703
1.2172
1.21736
1.21752
1.21768
1.21783
1.21799
1.21814
1.21829
1.21843
1.21858
1.21872
1.21886
1.219
1.21914
1.21927
1.21941
1.21954
1.21967
1.2198
1.21992
1.22005
1.22017
1.22029
1.22041
1.22053
1.22065
1.22077
1.22088
1.22099
1.22111
1.22122
1.22133
1.22144
1.22154
1.22165
1.22176
1.22186
1.22197
1.22207
1.22217
1.22227
1.22237
1.22247
1.22257
1.22267
1.22277
1.22287
1.22296
1.22306
1.22315
1.22325
1.22334
1.22344
1.22353
1.22363
1.22372
1.22381
1.2239
1.224
1.22409
1.22418
1.22427
1.22436
1.22445
1.22454
1.22463
1.22472
1.22481
1.2249
1.22499
1.22508
1.22517
1.22526
1.22535
1.22543
1.22552
1.22561
1.2257
1.22579
1.22587
1.22596
1.22605
1.22613
1.22622
1.22631
1.22639
1.22648
1.22657
1.22665
1.22674
1.22682
1.2269
1.22699
1.22707
1.22715
1.22724
1.22732
1.2274
1.22748
1.22756
1.22764
1.22772
1.2278
1.22788
1.22795
1.22803
1.2281
1.22818
1.22825
1.22832
1.22839
1.22846
1.22853
1.2286
1.22866
1.22873
1.22879
1.22885
1.22891
1.22897
1.22903
1.22908
1.22914
1.22919
1.22924
1.22929
1.22933
1.22937
1.22942
1.22945
1.22949
1.22952
1.22956
1.22959
1.22961
1.22963
1.22966
1.22967
1.22969
1.2297
1.22971
1.22971
1.22971
1.22971
1.22971
1.2297
1.22969
1.22967
1.22965
1.22963
1.2296
1.22957
1.22953
1.22949
1.22945
1.2294
1.22934
1.22929
1.22922
1.22916
1.22908
1.22901
1.22892
1.22884
1.22875
1.22865
1.22855
1.22844
1.22833
1.22821
1.22809
1.22796
1.22782
1.22768
1.22754
1.22739
1.22723
1.22707
1.22691
1.22673
1.22656
1.22637
1.22618
1.22599
1.22579
1.22559
1.22538
1.22517
1.22495
1.22472
1.22449
1.22426
1.22402
1.22378
1.22353
1.22328
1.22303
1.22277
1.2225
1.22224
1.22197
1.2217
1.22142
1.22114
1.22086
1.22058
1.22029
1.22
1.21971
1.21942
1.21913
1.21884
1.21855
1.21825
1.21796
1.21767
1.21737
1.21708
1.21679
1.2165
1.21621
1.21592
1.21563
1.21535
1.21507
1.21479
1.21451
1.21424
1.21397
1.2137
1.19987
1.19961
1.19936
1.19911
1.19886
1.19862
1.19838
1.19815
1.19792
1.19769
1.19747
1.19726
1.19704
1.19684
1.19663
1.19643
1.19624
1.19605
1.19586
1.19568
1.1955
1.19533
1.19516
1.19499
1.19482
1.19467
1.19451
1.19436
1.19421
1.19406
1.19392
1.19378
1.19364
1.1935
1.19337
1.19324
1.19312
1.193
1.19288
1.19276
1.19264
1.19253
1.19242
1.19232
1.19221
1.19211
1.19202
1.19192
1.19183
1.19175
1.19166
1.19158
1.19151
1.19144
1.19137
1.19131
1.19125
1.1912
1.19116
1.19111
1.19108
1.19105
1.19103
1.19101
1.191
1.191
1.19101
1.19102
1.19104
1.19107
1.19111
1.19115
1.1912
1.19127
1.19134
1.19142
1.1915
1.1916
1.19171
1.19182
1.19195
1.19208
1.19223
1.19238
1.19254
1.19271
1.19289
1.19308
1.19328
1.19349
1.1937
1.19392
1.19415
1.19439
1.19464
1.19489
1.19515
1.19542
1.19569
1.19597
1.19625
1.19654
1.19683
1.19713
1.19743
1.19774
1.19805
1.19836
1.19867
1.19899
1.19931
1.19963
1.19995
1.20027
1.20059
1.2009
1.20122
1.20154
1.20185
1.20217
1.20248
1.20278
1.20309
1.20339
1.20368
1.20397
1.20426
1.20454
1.20481
1.20508
1.20534
1.2056
1.20584
1.20608
1.20632
1.20654
1.20676
1.20696
1.20716
1.20735
1.20753
1.2077
1.20786
1.20801
1.20815
1.20827
1.20839
1.2085
1.20859
1.20867
1.20874
1.2088
1.20884
1.20887
1.20889
1.2089
1.20889
1.20887
1.20884
1.20879
1.20873
1.20865
1.20856
1.20846
1.20834
1.20821
1.20806
1.2079
1.20773
1.20754
1.20733
1.20711
1.20688
1.20663
1.20637
1.20609
1.2058
1.2055
1.20518
1.20485
1.20451
1.20415
1.20378
1.20339
1.203
1.20259
1.20217
1.20174
1.2013
1.20085
1.20039
1.19992
1.19944
1.19896
1.19846
1.19797
1.19746
1.19695
1.19644
1.19592
1.1954
1.19488
1.19436
1.19384
1.19333
1.19281
1.1923
1.19179
1.19129
1.19079
1.19031
1.18983
1.18936
1.1889
1.18846
1.18803
1.18761
1.18721
1.18682
1.18646
1.18611
1.18578
1.18547
1.18519
1.18492
1.18468
1.18447
1.18427
1.18411
1.18397
1.18385
1.18376
1.1837
1.18367
1.18366
1.18369
1.18374
1.18382
1.18393
1.18406
1.18422
1.18442
1.18463
1.18488
1.18515
1.18545
1.18577
1.18612
1.18649
1.18688
1.1873
1.18774
1.1882
1.18868
1.18917
1.18969
1.19022
1.19077
1.19133
1.19191
1.1925
1.19309
1.1937
1.19432
1.19495
1.19558
1.19622
1.19687
1.19751
1.19816
1.19882
1.19947
1.20012
1.20077
1.20142
1.20207
1.20271
1.20335
1.20398
1.20461
1.20523
1.20584
1.20645
1.20704
1.20763
1.20821
1.20877
1.20933
1.20987
1.21041
1.21093
1.21144
1.21194
1.21242
1.2129
1.21336
1.2138
1.21424
1.21466
1.21506
1.20019
1.20056
1.20093
1.20127
1.20161
1.20193
1.20224
1.20253
1.20282
1.20308
1.20334
1.20358
1.20381
1.20403
1.20424
1.20443
1.20462
1.20479
1.20494
1.20509
1.20523
1.20535
1.20547
1.20557
1.20566
1.20574
1.20582
1.20588
1.20593
1.20598
1.20601
1.20604
1.20606
1.20607
1.20607
1.20606
1.20605
1.20603
1.206
1.20596
1.20592
1.20587
1.20582
1.20576
1.20569
1.20562
1.20554
1.20546
1.20538
1.20529
1.20519
1.20509
1.20499
1.20488
1.20477
1.20466
1.20454
1.20443
1.2043
1.20418
1.20406
1.20393
1.2038
1.20367
1.20354
1.20341
1.20327
1.20314
1.20301
1.20287
1.20274
1.2026
1.20247
1.20233
1.2022
1.20207
1.20193
1.2018
1.20167
1.20154
1.20141
1.20129
1.20116
1.20104
1.20092
1.2008
1.20068
1.20056
1.20045
1.20034
1.20023
1.20012
1.20001
1.19991
1.19981
1.19971
1.19961
1.19952
1.19943
1.19934
1.19925
1.19917
1.19909
1.19901
1.19893
1.19885
1.19878
1.19871
1.19864
1.19858
1.19852
1.19845
1.19839
1.19834
1.19828
1.19823
1.19818
1.19813
1.19808
1.19803
1.19798
1.19794
1.1979
1.19785
1.19781
1.19777
1.19773
1.19769
1.19766
1.19762
1.19758
1.19755
1.19751
1.19747
1.19744
1.1974
1.19737
1.19733
1.19729
1.19726
1.19722
1.19718
1.19714
1.1971
1.19706
1.19702
1.19698
1.19694
1.19689
1.19685
1.1968
1.19675
1.1967
1.19665
1.19659
1.19654
1.19648
1.19642
1.19636
1.1963
1.19623
1.19617
1.1961
1.19603
1.19595
1.19588
1.1958
1.19572
1.19564
1.19555
1.19547
1.19538
1.19528
1.19519
1.19509
1.195
1.19489
1.19479
1.19468
1.19458
1.19447
1.19435
1.19424
1.19412
1.194
1.19388
1.19375
1.19363
1.1935
1.19337
1.19324
1.1931
1.19296
1.19283
1.19269
1.19254
1.1924
1.19225
1.19211
1.19196
1.19181
1.19166
1.19151
1.19135
1.1912
1.19104
1.19089
1.19073
1.19057
1.19041
1.19025
1.19009
1.18993
1.18977
1.18961
1.18945
1.18929
1.18913
1.18897
1.18881
1.18865
1.1885
1.18834
1.18818
1.18803
1.18787
1.18772
1.18757
1.18742
1.18727
1.18713
1.18698
1.18684
1.1867
1.18656
1.18643
1.18629
1.18616
1.18603
1.18591
1.18579
1.18567
1.18555
1.18544
1.18533
1.18522
1.18512
1.18502
1.18493
1.18484
1.18475
1.18467
1.18459
1.18452
1.18445
1.18438
1.18432
1.18426
1.18421
1.18416
1.18412
1.18408
1.18405
1.18402
1.184
1.18398
1.18397
1.18396
1.18395
1.18396
1.18396
1.18398
1.18399
1.18402
1.18404
1.18408
1.18411
1.18416
1.18421
1.18426
1.18432
1.18438
1.18445
1.18452
1.1846
1.18469
1.18477
1.18487
1.18497
1.18507
1.18518
1.18529
1.18541
1.18553
1.18565
1.18578
1.18592
1.18606
1.1862
1.18635
1.20008
1.20023
1.20039
1.20055
1.20071
1.20088
1.20106
1.20123
1.20141
1.20159
1.20178
1.20197
1.20216
1.20236
1.20255
1.20275
1.20296
1.20316
1.20337
1.20358
1.20379
1.204
1.20422
1.20443
1.20465
1.20487
1.2051
1.20532
1.20554
1.20577
1.20599
1.20622
1.20645
1.20668
1.2069
1.20713
1.20736
1.20759
1.20782
1.20805
1.20828
1.20851
1.20874
1.20897
1.2092
1.20942
1.20965
1.20987
1.2101
1.21032
1.21055
1.21077
1.21099
1.2112
1.21142
1.21164
1.21185
1.21206
1.21227
1.21248
1.21269
1.21289
1.21309
1.21329
1.21349
1.21369
1.21388
1.21407
1.21426
1.21444
1.21463
1.21481
1.21498
1.21516
1.21533
1.2155
1.21566
1.21583
1.21599
1.21614
1.2163
1.21645
1.2166
1.21674
1.21688
1.21702
1.21716
1.21729
1.21742
1.21754
1.21766
1.21778
1.21789
1.21801
1.21811
1.21822
1.21832
1.21842
1.21851
1.2186
1.21869
1.21877
1.21885
1.21893
1.219
1.21907
1.21913
1.2192
1.21926
1.21931
1.21936
1.21941
1.21946
1.2195
1.21954
1.21957
1.2196
1.21963
1.21965
1.21967
1.21969
1.2197
1.21971
1.21972
1.21973
1.21973
1.21972
1.21972
1.21971
1.21969
1.21968
1.21966
1.21964
1.21961
1.21958
1.21955
1.21951
1.21947
1.21943
1.21939
1.21934
1.21929
1.21923
1.21917
1.21911
1.21905
1.21898
1.21891
1.21884
1.21876
1.21868
1.2186
1.21851
1.21842
1.21833
1.21823
1.21813
1.21803
1.21792
1.21782
1.2177
1.21759
1.21747
1.21735
1.21722
1.21709
1.21696
1.21682
1.21668
1.21654
1.21639
1.21624
1.21608
1.21592
1.21576
1.21559
1.21542
1.21525
1.21506
1.21488
1.21469
1.2145
1.2143
1.21409
1.21389
1.21367
1.21345
1.21323
1.213
1.21276
1.21252
1.21228
1.21202
1.21176
1.2115
1.21122
1.21095
1.21066
1.21037
1.21007
1.20976
1.20945
1.20913
1.2088
1.20846
1.20811
1.20776
1.2074
1.20703
1.20665
1.20626
1.20586
1.20546
1.20504
1.20462
1.20418
1.20374
1.20328
1.20282
1.20235
1.20187
1.20138
1.20087
1.20036
1.19984
1.19931
1.19877
1.19823
1.19767
1.1971
1.19653
1.19595
1.19536
1.19476
1.19415
1.19354
1.19292
1.1923
1.19168
1.19105
1.19041
1.18978
1.18914
1.1885
1.18786
1.18723
1.1866
1.18597
1.18534
1.18473
1.18412
1.18352
1.18293
1.18235
1.18179
1.18124
1.18071
1.1802
1.17971
1.17923
1.17879
1.17836
1.17796
1.17759
1.17725
1.17694
1.17666
1.17641
1.1762
1.17602
1.17588
1.17577
1.1757
1.17567
1.17567
1.17572
1.1758
1.17592
1.17608
1.17628
1.17652
1.17679
1.17711
1.17745
1.17784
1.17825
1.1787
1.17918
1.17969
1.18023
1.1808
1.18139
1.18201
1.18265
1.18331
1.18399
1.18469
1.1854
1.18613
1.18687
1.20037
1.20113
1.2019
1.20267
1.20344
1.20422
1.20499
1.20576
1.20653
1.2073
1.20806
1.20881
1.20955
1.21029
1.21101
1.21173
1.21243
1.21312
1.21379
1.21446
1.2151
1.21573
1.21635
1.21694
1.21753
1.21809
1.21864
1.21916
1.21968
1.22017
1.22064
1.2211
1.22154
1.22195
1.22236
1.22274
1.2231
1.22345
1.22377
1.22408
1.22437
1.22465
1.2249
1.22514
1.22536
1.22557
1.22575
1.22593
1.22608
1.22622
1.22634
1.22644
1.22654
1.22661
1.22667
1.22672
1.22675
1.22676
1.22676
1.22675
1.22673
1.22669
1.22664
1.22657
1.22649
1.2264
1.2263
1.22619
1.22606
1.22592
1.22577
1.22561
1.22544
1.22526
1.22507
1.22487
1.22466
1.22444
1.22421
1.22397
1.22373
1.22347
1.22321
1.22294
1.22267
1.22238
1.22209
1.2218
1.22149
1.22119
1.22087
1.22056
1.22023
1.21991
1.21958
1.21925
1.21891
1.21857
1.21823
1.21789
1.21755
1.2172
1.21686
1.21651
1.21617
1.21583
1.21549
1.21515
1.21481
1.21447
1.21414
1.21381
1.21348
1.21316
1.21284
1.21253
1.21222
1.21191
1.21161
1.21132
1.21103
1.21075
1.21047
1.2102
1.20994
1.20968
1.20943
1.20919
1.20895
1.20872
1.20849
1.20827
1.20806
1.20785
1.20765
1.20745
1.20726
1.20707
1.20689
1.20671
1.20654
1.20637
1.2062
1.20603
1.20587
1.20571
1.20555
1.20539
1.20522
1.20506
1.2049
1.20473
1.20457
1.2044
1.20422
1.20404
1.20386
1.20367
1.20348
1.20328
1.20307
1.20285
1.20263
1.20239
1.20215
1.2019
1.20164
1.20137
1.20109
1.2008
1.20049
1.20018
1.19985
1.19951
1.19917
1.19881
1.19844
1.19806
1.19766
1.19726
1.19685
1.19643
1.196
1.19556
1.19511
1.19465
1.19419
1.19373
1.19326
1.19279
1.19231
1.19183
1.19136
1.19088
1.19041
1.18994
1.18948
1.18902
1.18857
1.18813
1.1877
1.18729
1.18689
1.1865
1.18613
1.18578
1.18545
1.18514
1.18485
1.18459
1.18435
1.18414
1.18395
1.1838
1.18367
1.18357
1.1835
1.18345
1.18344
1.18347
1.18352
1.1836
1.18371
1.18386
1.18403
1.18423
1.18447
1.18473
1.18502
1.18533
1.18567
1.18604
1.18643
1.18684
1.18727
1.18772
1.18819
1.18868
1.18918
1.1897
1.19023
1.19077
1.19132
1.19188
1.19245
1.19302
1.1936
1.19418
1.19477
1.19535
1.19594
1.19652
1.1971
1.19768
1.19825
1.19882
1.19938
1.19993
1.20048
1.20102
1.20155
1.20207
1.20258
1.20308
1.20357
1.20405
1.20452
1.20498
1.20542
1.20585
1.20627
1.20668
1.20708
1.20746
1.20783
1.20819
1.20853
1.20887
1.20919
1.20949
1.20979
1.21007
1.21035
1.21061
1.21085
1.21109
1.21132
1.21153
1.21174
1.21193
1.21211
1.21228
1.21244
1.21259
1.21274
1.21287
1.21299
1.2131
1.21321
1.2133
1.20004
1.20012
1.20019
1.20025
1.2003
1.20034
1.20038
1.20041
1.20043
1.20045
1.20046
1.20046
1.20045
1.20044
1.20042
1.2004
1.20037
1.20033
1.20029
1.20024
1.20019
1.20013
1.20007
1.2
1.19993
1.19985
1.19977
1.19968
1.19959
1.19949
1.1994
1.19929
1.19919
1.19908
1.19896
1.19885
1.19873
1.19861
1.19848
1.19836
1.19823
1.1981
1.19797
1.19783
1.1977
1.19756
1.19742
1.19729
1.19715
1.19701
1.19687
1.19674
1.1966
1.19646
1.19633
1.19619
1.19606
1.19593
1.1958
1.19568
1.19555
1.19543
1.19531
1.1952
1.19509
1.19498
1.19488
1.19478
1.19468
1.19459
1.1945
1.19442
1.19434
1.19427
1.19421
1.19415
1.19409
1.19404
1.194
1.19396
1.19393
1.1939
1.19388
1.19387
1.19386
1.19386
1.19387
1.19388
1.1939
1.19392
1.19395
1.19399
1.19403
1.19408
1.19413
1.19419
1.19426
1.19433
1.19441
1.19449
1.19458
1.19467
1.19476
1.19486
1.19497
1.19508
1.19519
1.19531
1.19543
1.19555
1.19568
1.19581
1.19594
1.19607
1.19621
1.19634
1.19648
1.19662
1.19677
1.19691
1.19705
1.19719
1.19734
1.19748
1.19762
1.19777
1.19791
1.19805
1.19819
1.19833
1.19847
1.1986
1.19873
1.19887
1.19899
1.19912
1.19925
1.19937
1.19949
1.1996
1.19972
1.19983
1.19993
1.20004
1.20014
1.20023
1.20032
1.20041
1.2005
1.20058
1.20066
1.20073
1.2008
1.20087
1.20093
1.20099
1.20104
1.20109
1.20113
1.20117
1.20121
1.20124
1.20127
1.2013
1.20132
1.20134
1.20135
1.20136
1.20136
1.20136
1.20136
1.20135
1.20134
1.20133
1.20131
1.20129
1.20126
1.20124
1.2012
1.20117
1.20113
1.20109
1.20105
1.201
1.20095
1.20089
1.20084
1.20078
1.20072
1.20065
1.20059
1.20052
1.20045
1.20037
1.2003
1.20022
1.20014
1.20006
1.19998
1.19989
1.19981
1.19972
1.19963
1.19954
1.19945
1.19936
1.19926
1.19917
1.19907
1.19898
1.19888
1.19878
1.19868
1.19858
1.19848
1.19838
1.19829
1.19819
1.19809
1.19799
1.19789
1.19779
1.19769
1.19759
1.19749
1.19739
1.19729
1.19719
1.19709
1.197
1.1969
1.19681
1.19671
1.19662
1.19652
1.19643
1.19634
1.19625
1.19616
1.19607
1.19598
1.19589
1.1958
1.19572
1.19563
1.19555
1.19546
1.19538
1.1953
1.19522
1.19514
1.19506
1.19498
1.1949
1.19483
1.19475
1.19468
1.1946
1.19453
1.19445
1.19438
1.19431
1.19424
1.19417
1.1941
1.19403
1.19396
1.19389
1.19382
1.19375
1.19368
1.19361
1.19354
1.19347
1.19341
1.19334
1.19327
1.1932
1.19313
1.19306
1.19299
1.19292
1.19285
1.19278
1.19271
1.19264
1.19257
1.1925
1.19243
1.19235
1.19228
1.1922
1.19213
1.19205
1.19197
1.1919
1.19182
1.19174
1.19165
1.19157
1.19996
1.19987
1.19978
1.19969
1.1996
1.19951
1.19942
1.19932
1.19923
1.19913
1.19903
1.19893
1.19883
1.19872
1.19862
1.19851
1.1984
1.19829
1.19817
1.19806
1.19794
1.19782
1.19769
1.19757
1.19744
1.19731
1.19718
1.19704
1.19691
1.19677
1.19662
1.19648
1.19633
1.19618
1.19603
1.19587
1.19572
1.19555
1.19539
1.19522
1.19506
1.19488
1.19471
1.19453
1.19435
1.19417
1.19399
1.1938
1.19361
1.19342
1.19323
1.19303
1.19284
1.19264
1.19244
1.19223
1.19203
1.19183
1.19162
1.19141
1.19121
1.191
1.19079
1.19059
1.19038
1.19017
1.18997
1.18976
1.18956
1.18935
1.18915
1.18896
1.18876
1.18857
1.18838
1.18819
1.18801
1.18783
1.18765
1.18748
1.18732
1.18715
1.187
1.18685
1.1867
1.18657
1.18644
1.18631
1.18619
1.18608
1.18598
1.18589
1.1858
1.18572
1.18565
1.18559
1.18553
1.18549
1.18545
1.18542
1.1854
1.18539
1.18539
1.1854
1.18542
1.18544
1.18548
1.18552
1.18557
1.18563
1.1857
1.18578
1.18587
1.18596
1.18606
1.18617
1.18629
1.18642
1.18655
1.18669
1.18684
1.18699
1.18715
1.18732
1.18749
1.18766
1.18785
1.18803
1.18822
1.18842
1.18862
1.18883
1.18903
1.18925
1.18946
1.18968
1.1899
1.19012
1.19035
1.19058
1.19081
1.19104
1.19127
1.1915
1.19174
1.19197
1.19221
1.19245
1.19268
1.19292
1.19316
1.1934
1.19363
1.19387
1.19411
1.19434
1.19458
1.19482
1.19505
1.19529
1.19552
1.19575
1.19598
1.19622
1.19645
1.19668
1.1969
1.19713
1.19736
1.19758
1.19781
1.19803
1.19825
1.19848
1.1987
1.19892
1.19913
1.19935
1.19957
1.19978
1.2
1.20021
1.20042
1.20063
1.20084
1.20105
1.20126
1.20147
1.20167
1.20188
1.20208
1.20228
1.20249
1.20269
1.20289
1.20308
1.20328
1.20348
1.20367
1.20386
1.20406
1.20425
1.20443
1.20462
1.20481
1.20499
1.20518
1.20536
1.20554
1.20572
1.20589
1.20607
1.20624
1.20641
1.20658
1.20675
1.20691
1.20707
1.20723
1.20739
1.20755
1.2077
1.20785
1.208
1.20815
1.20829
1.20843
1.20857
1.2087
1.20884
1.20896
1.20909
1.20921
1.20933
1.20945
1.20956
1.20967
1.20978
1.20988
1.20998
1.21008
1.21017
1.21026
1.21034
1.21042
1.2105
1.21057
1.21064
1.21071
1.21077
1.21083
1.21088
1.21093
1.21097
1.21101
1.21105
1.21108
1.2111
1.21112
1.21114
1.21115
1.21116
1.21117
1.21117
1.21116
1.21115
1.21113
1.21111
1.21109
1.21106
1.21102
1.21098
1.21094
1.21089
1.21084
1.21078
1.21071
1.21065
1.21057
1.21049
1.21041
1.21032
1.21023
1.21013
1.21003
1.20992
1.20981
1.20969
1.20957
1.20944
1.20931
1.20918
1.20904
1.20889
1.20874
1.20859
1.20843
1.20827
1.2081
1.20793
1.19991
1.19973
1.19955
1.19936
1.19917
1.19897
1.19877
1.19857
1.19836
1.19816
1.19794
1.19773
1.19751
1.19729
1.19706
1.19683
1.1966
1.19637
1.19614
1.1959
1.19566
1.19542
1.19518
1.19493
1.19469
1.19444
1.19419
1.19394
1.19369
1.19344
1.19319
1.19293
1.19268
1.19243
1.19218
1.19192
1.19167
1.19142
1.19117
1.19092
1.19067
1.19042
1.19018
1.18993
1.18969
1.18945
1.18921
1.18897
1.18874
1.18851
1.18828
1.18805
1.18783
1.18761
1.18739
1.18718
1.18697
1.18676
1.18656
1.18636
1.18617
1.18598
1.18579
1.18561
1.18543
1.18526
1.18509
1.18492
1.18476
1.18461
1.18446
1.18431
1.18417
1.18404
1.18391
1.18378
1.18366
1.18355
1.18343
1.18333
1.18323
1.18313
1.18304
1.18296
1.18288
1.1828
1.18273
1.18266
1.1826
1.18254
1.18249
1.18244
1.1824
1.18236
1.18233
1.1823
1.18227
1.18225
1.18223
1.18222
1.18221
1.1822
1.1822
1.1822
1.18221
1.18221
1.18223
1.18224
1.18226
1.18228
1.1823
1.18233
1.18236
1.18239
1.18243
1.18247
1.18251
1.18255
1.1826
1.18265
1.1827
1.18275
1.1828
1.18286
1.18292
1.18298
1.18304
1.1831
1.18317
1.18324
1.18331
1.18338
1.18345
1.18352
1.1836
1.18367
1.18375
1.18383
1.18391
1.18399
1.18407
1.18416
1.18424
1.18433
1.18442
1.1845
1.18459
1.18468
1.18478
1.18487
1.18496
1.18505
1.18515
1.18524
1.18534
1.18544
1.18554
1.18564
1.18573
1.18583
1.18594
1.18604
1.18614
1.18624
1.18634
1.18645
1.18655
1.18666
1.18676
1.18687
1.18697
1.18708
1.18718
1.18729
1.1874
1.1875
1.18761
1.18772
1.18782
1.18793
1.18804
1.18814
1.18825
1.18836
1.18846
1.18857
1.18867
1.18878
1.18888
1.18899
1.18909
1.18919
1.18929
1.18939
1.18949
1.18959
1.18969
1.18979
1.18989
1.18998
1.19008
1.19017
1.19026
1.19035
1.19044
1.19053
1.19062
1.1907
1.19079
1.19087
1.19095
1.19103
1.19111
1.19118
1.19126
1.19133
1.1914
1.19147
1.19154
1.1916
1.19167
1.19173
1.19179
1.19184
1.1919
1.19195
1.192
1.19205
1.1921
1.19215
1.19219
1.19223
1.19227
1.19231
1.19234
1.19238
1.19241
1.19244
1.19246
1.19249
1.19251
1.19253
1.19255
1.19257
1.19258
1.19259
1.1926
1.19261
1.19262
1.19262
1.19263
1.19263
1.19263
1.19263
1.19262
1.19262
1.19261
1.1926
1.19259
1.19258
1.19256
1.19255
1.19253
1.19252
1.1925
1.19248
1.19245
1.19243
1.19241
1.19238
1.19236
1.19233
1.1923
1.19227
1.19224
1.19221
1.19218
1.19215
1.19211
1.19208
1.19204
1.19201
1.19197
1.19193
1.1919
1.19186
1.19182
1.19178
1.19174
1.1917
1.19166
1.19162
1.19157
1.19153
1.19149
1.19144
1.1914
1.19136
1.19131
1.19126
1.19998
1.19993
1.19989
1.19984
1.19979
1.19974
1.19969
1.19964
1.19959
1.19954
1.19949
1.19944
1.19938
1.19933
1.19927
1.19921
1.19915
1.19909
1.19903
1.19897
1.1989
1.19883
1.19876
1.19869
1.19862
1.19854
1.19847
1.19839
1.19831
1.19822
1.19814
1.19805
1.19795
1.19786
1.19776
1.19766
1.19756
1.19745
1.19734
1.19723
1.19711
1.19699
1.19687
1.19674
1.19661
1.19647
1.19633
1.19619
1.19604
1.19589
1.19573
1.19557
1.19541
1.19524
1.19507
1.19489
1.19471
1.19452
1.19433
1.19414
1.19394
1.19374
1.19353
1.19331
1.1931
1.19288
1.19265
1.19242
1.19219
1.19195
1.19171
1.19146
1.19121
1.19096
1.1907
1.19044
1.19018
1.18991
1.18964
1.18937
1.1891
1.18882
1.18854
1.18826
1.18798
1.18769
1.18741
1.18712
1.18683
1.18654
1.18625
1.18597
1.18568
1.18539
1.18511
1.18482
1.18454
1.18426
1.18398
1.18371
1.18343
1.18317
1.1829
1.18264
1.18239
1.18214
1.1819
1.18166
1.18143
1.1812
1.18098
1.18078
1.18057
1.18038
1.1802
1.18002
1.17986
1.1797
1.17956
1.17943
1.1793
1.17919
1.1791
1.17901
1.17894
1.17887
1.17883
1.17879
1.17877
1.17876
1.17877
1.17879
1.17882
1.17887
1.17894
1.17901
1.17911
1.17921
1.17933
1.17947
1.17962
1.17978
1.17996
1.18016
1.18036
1.18058
1.18082
1.18106
1.18132
1.1816
1.18188
1.18218
1.18248
1.1828
1.18313
1.18347
1.18382
1.18418
1.18455
1.18493
1.18531
1.18571
1.18611
1.18652
1.18693
1.18735
1.18777
1.1882
1.18863
1.18907
1.18951
1.18995
1.1904
1.19084
1.19129
1.19174
1.19219
1.19264
1.19308
1.19353
1.19398
1.19442
1.19487
1.19531
1.19575
1.19618
1.19661
1.19704
1.19747
1.19789
1.1983
1.19872
1.19912
1.19953
1.19992
1.20031
1.2007
1.20108
1.20146
1.20183
1.20219
1.20255
1.2029
1.20324
1.20358
1.20391
1.20424
1.20456
1.20487
1.20518
1.20548
1.20578
1.20607
1.20635
1.20662
1.20689
1.20716
1.20741
1.20766
1.20791
1.20815
1.20838
1.20861
1.20883
1.20904
1.20925
1.20946
1.20965
1.20985
1.21003
1.21022
1.21039
1.21056
1.21073
1.21089
1.21105
1.2112
1.21135
1.21149
1.21163
1.21176
1.21189
1.21202
1.21214
1.21225
1.21236
1.21247
1.21258
1.21268
1.21277
1.21287
1.21296
1.21304
1.21313
1.21321
1.21328
1.21335
1.21342
1.21349
1.21355
1.21361
1.21367
1.21372
1.21378
1.21383
1.21387
1.21391
1.21396
1.21399
1.21403
1.21406
1.21409
1.21412
1.21415
1.21417
1.21419
1.21421
1.21423
1.21424
1.21425
1.21426
1.21427
1.21428
1.21428
1.21428
1.21428
1.21428
1.21428
1.21427
1.21426
1.21425
1.21424
1.21422
1.21421
1.21419
1.21417
1.21415
1.21413
1.2141
1.21407
1.19998
1.19995
1.19992
1.19988
1.19984
1.1998
1.19976
1.19972
1.19967
1.19963
1.19958
1.19953
1.19947
1.19942
1.19936
1.1993
1.19924
1.19918
1.19911
1.19905
1.19898
1.19891
1.19883
1.19876
1.19868
1.1986
1.19852
1.19844
1.19835
1.19826
1.19817
1.19808
1.19799
1.19789
1.19779
1.19769
1.19758
1.19748
1.19737
1.19726
1.19714
1.19703
1.19691
1.19678
1.19666
1.19653
1.1964
1.19627
1.19614
1.196
1.19586
1.19572
1.19557
1.19542
1.19527
1.19512
1.19496
1.1948
1.19464
1.19448
1.19431
1.19414
1.19396
1.19379
1.19361
1.19343
1.19324
1.19305
1.19286
1.19267
1.19247
1.19227
1.19207
1.19187
1.19166
1.19145
1.19124
1.19102
1.1908
1.19058
1.19036
1.19014
1.18991
1.18968
1.18945
1.18922
1.18898
1.18875
1.18851
1.18827
1.18803
1.18778
1.18754
1.1873
1.18705
1.1868
1.18656
1.18631
1.18606
1.18582
1.18557
1.18532
1.18508
1.18483
1.18459
1.18435
1.18411
1.18387
1.18363
1.1834
1.18317
1.18294
1.18272
1.18249
1.18228
1.18206
1.18186
1.18165
1.18145
1.18126
1.18107
1.18089
1.18072
1.18055
1.18039
1.18023
1.18009
1.17995
1.17982
1.1797
1.17959
1.17949
1.17939
1.17931
1.17924
1.17917
1.17912
1.17908
1.17905
1.17903
1.17902
1.17902
1.17904
1.17907
1.17911
1.17916
1.17922
1.1793
1.17939
1.17949
1.1796
1.17973
1.17987
1.18002
1.18018
1.18036
1.18055
1.18075
1.18096
1.18119
1.18142
1.18167
1.18193
1.1822
1.18248
1.18277
1.18308
1.18339
1.18371
1.18404
1.18438
1.18473
1.18509
1.18545
1.18583
1.18621
1.18659
1.18698
1.18738
1.18779
1.1882
1.18861
1.18903
1.18945
1.18988
1.1903
1.19074
1.19117
1.1916
1.19204
1.19247
1.19291
1.19335
1.19378
1.19422
1.19465
1.19509
1.19552
1.19594
1.19637
1.19679
1.19721
1.19762
1.19803
1.19844
1.19884
1.19924
1.19963
1.20002
1.2004
1.20077
1.20114
1.2015
1.20185
1.2022
1.20254
1.20287
1.2032
1.20352
1.20383
1.20413
1.20442
1.20471
1.20498
1.20525
1.20551
1.20576
1.206
1.20623
1.20646
1.20667
1.20688
1.20707
1.20726
1.20744
1.20761
1.20776
1.20791
1.20805
1.20818
1.2083
1.20841
1.20851
1.2086
1.20869
1.20876
1.20882
1.20887
1.20892
1.20895
1.20898
1.20899
1.209
1.209
1.20898
1.20896
1.20893
1.20889
1.20884
1.20879
1.20872
1.20864
1.20856
1.20847
1.20837
1.20826
1.20815
1.20802
1.20789
1.20775
1.2076
1.20745
1.20729
1.20712
1.20695
1.20676
1.20658
1.20638
1.20618
1.20598
1.20577
1.20555
1.20533
1.20511
1.20488
1.20465
1.20441
1.20417
1.20393
1.20368
1.20343
1.20318
1.20293
1.20268
1.20243
1.20217
1.20192
1.20166
1.20141
1.20116
1.19987
1.19962
1.19937
1.19913
1.19888
1.19864
1.19841
1.19818
1.19795
1.19773
1.19751
1.1973
1.1971
1.19691
1.19672
1.19654
1.19636
1.1962
1.19604
1.1959
1.19576
1.19563
1.19552
1.19541
1.19531
1.19523
1.19516
1.19509
1.19504
1.195
1.19498
1.19496
1.19496
1.19497
1.19499
1.19503
1.19508
1.19514
1.19521
1.19529
1.19539
1.1955
1.19562
1.19575
1.1959
1.19605
1.19622
1.1964
1.19659
1.19679
1.197
1.19721
1.19744
1.19768
1.19793
1.19818
1.19844
1.19871
1.19899
1.19928
1.19957
1.19986
1.20016
1.20047
1.20078
1.20109
1.20141
1.20173
1.20205
1.20237
1.2027
1.20302
1.20335
1.20368
1.204
1.20433
1.20465
1.20497
1.20529
1.20561
1.20592
1.20623
1.20654
1.20684
1.20714
1.20743
1.20772
1.208
1.20827
1.20854
1.20881
1.20906
1.20931
1.20955
1.20979
1.21001
1.21023
1.21044
1.21064
1.21084
1.21102
1.2112
1.21136
1.21152
1.21167
1.21181
1.21194
1.21206
1.21217
1.21227
1.21236
1.21245
1.21252
1.21258
1.21264
1.21268
1.21272
1.21274
1.21276
1.21277
1.21276
1.21275
1.21273
1.2127
1.21267
1.21262
1.21257
1.2125
1.21243
1.21236
1.21227
1.21217
1.21207
1.21197
1.21185
1.21173
1.2116
1.21146
1.21132
1.21118
1.21102
1.21087
1.2107
1.21054
1.21036
1.21019
1.21001
1.20982
1.20963
1.20944
1.20925
1.20905
1.20885
1.20865
1.20845
1.20824
1.20804
1.20783
1.20762
1.20741
1.2072
1.20699
1.20678
1.20657
1.20636
1.20615
1.20594
1.20574
1.20553
1.20533
1.20512
1.20492
1.20472
1.20453
1.20433
1.20414
1.20395
1.20376
1.20358
1.2034
1.20322
1.20305
1.20287
1.2027
1.20254
1.20238
1.20222
1.20206
1.20191
1.20176
1.20162
1.20147
1.20134
1.2012
1.20107
1.20095
1.20082
1.2007
1.20059
1.20048
1.20037
1.20027
1.20017
1.20007
1.19998
1.19989
1.1998
1.19972
1.19965
1.19957
1.1995
1.19944
1.19938
1.19932
1.19926
1.19921
1.19917
1.19913
1.19909
1.19905
1.19902
1.19899
1.19897
1.19895
1.19893
1.19891
1.1989
1.1989
1.19889
1.19889
1.19889
1.1989
1.19891
1.19892
1.19893
1.19895
1.19896
1.19898
1.19901
1.19903
1.19906
1.19909
1.19912
1.19915
1.19919
1.19922
1.19926
1.1993
1.19933
1.19937
1.19941
1.19945
1.19949
1.19953
1.19957
1.19961
1.19965
1.19969
1.19973
1.19977
1.19981
1.19985
1.19988
1.19992
1.19995
1.19998
1.20001
1.20004
1.20007
1.2001
1.20012
1.20015
1.20017
1.20019
1.20021
1.20023
1.20025
1.20026
1.20028
1.20029
1.2003
1.20032
1.20033
1.20034
1.20035
1.20036
1.20037
1.20038
1.20039
1.2004
1.20042
1.20043
1.20045
1.20047
1.20049
1.20051
1.20053
1.20056
1.20059
1.20063
1.20002
1.20007
1.20012
1.20018
1.20024
1.20031
1.20038
1.20046
1.20054
1.20064
1.20074
1.20084
1.20096
1.20108
1.20121
1.20135
1.20149
1.20165
1.20181
1.20198
1.20216
1.20235
1.20255
1.20276
1.20298
1.20321
1.20344
1.20369
1.20394
1.2042
1.20447
1.20475
1.20504
1.20534
1.20565
1.20596
1.20628
1.20661
1.20694
1.20728
1.20763
1.20799
1.20835
1.20871
1.20909
1.20946
1.20984
1.21023
1.21061
1.21101
1.2114
1.2118
1.21219
1.21259
1.21299
1.2134
1.2138
1.2142
1.2146
1.215
1.2154
1.21579
1.21619
1.21658
1.21697
1.21735
1.21774
1.21811
1.21849
1.21885
1.21922
1.21958
1.21993
1.22027
1.22061
1.22095
1.22127
1.22159
1.2219
1.22221
1.2225
1.22279
1.22307
1.22335
1.22361
1.22386
1.22411
1.22435
1.22458
1.22479
1.225
1.2252
1.2254
1.22558
1.22575
1.22591
1.22606
1.2262
1.22634
1.22646
1.22657
1.22667
1.22677
1.22685
1.22692
1.22698
1.22703
1.22708
1.22711
1.22713
1.22714
1.22715
1.22714
1.22712
1.2271
1.22706
1.22701
1.22696
1.22689
1.22682
1.22674
1.22665
1.22654
1.22644
1.22632
1.22619
1.22605
1.22591
1.22576
1.2256
1.22543
1.22526
1.22508
1.22489
1.2247
1.22449
1.22429
1.22407
1.22385
1.22363
1.2234
1.22316
1.22292
1.22268
1.22243
1.22218
1.22193
1.22168
1.22142
1.22116
1.2209
1.22063
1.22037
1.22011
1.21984
1.21958
1.21932
1.21906
1.21881
1.21855
1.2183
1.21805
1.21781
1.21757
1.21733
1.21711
1.21688
1.21667
1.21646
1.21625
1.21606
1.21587
1.21569
1.21552
1.21536
1.21521
1.21507
1.21494
1.21482
1.21471
1.21461
1.21452
1.21445
1.21438
1.21433
1.21429
1.21426
1.21425
1.21424
1.21425
1.21427
1.2143
1.21435
1.2144
1.21447
1.21455
1.21464
1.21474
1.21486
1.21498
1.21512
1.21526
1.21542
1.21558
1.21576
1.21594
1.21614
1.21634
1.21655
1.21677
1.21699
1.21723
1.21746
1.21771
1.21796
1.21822
1.21848
1.21875
1.21902
1.21929
1.21957
1.21985
1.22013
1.22042
1.22071
1.221
1.22129
1.22158
1.22187
1.22217
1.22246
1.22276
1.22305
1.22334
1.22363
1.22392
1.22421
1.2245
1.22478
1.22507
1.22535
1.22563
1.2259
1.22618
1.22645
1.22672
1.22698
1.22724
1.2275
1.22776
1.22801
1.22826
1.2285
1.22874
1.22898
1.22921
1.22944
1.22967
1.22989
1.23011
1.23032
1.23053
1.23074
1.23094
1.23114
1.23134
1.23153
1.23172
1.2319
1.23208
1.23226
1.23244
1.23261
1.23277
1.23293
1.23309
1.23325
1.2334
1.23355
1.2337
1.23384
1.23398
1.23411
1.23425
1.23437
1.2345
1.23462
1.23474
1.23486
1.23498
1.23509
1.2352
1.2353
1.2354
1.2355
1.2356
1.23569
1.23579
1.23588
1.23596
1.20004
1.20012
1.2002
1.20027
1.20035
1.20042
1.20048
1.20055
1.20061
1.20067
1.20073
1.20078
1.20084
1.20089
1.20094
1.20098
1.20103
1.20107
1.20111
1.20114
1.20118
1.20121
1.20124
1.20126
1.20129
1.20131
1.20133
1.20134
1.20136
1.20137
1.20137
1.20138
1.20138
1.20138
1.20138
1.20137
1.20136
1.20135
1.20133
1.20131
1.20129
1.20126
1.20123
1.2012
1.20116
1.20112
1.20108
1.20103
1.20098
1.20092
1.20086
1.2008
1.20073
1.20065
1.20057
1.20049
1.2004
1.20031
1.20021
1.2001
1.19999
1.19988
1.19976
1.19963
1.1995
1.19936
1.19921
1.19906
1.1989
1.19873
1.19855
1.19837
1.19818
1.19799
1.19778
1.19757
1.19735
1.19712
1.19689
1.19664
1.19638
1.19612
1.19585
1.19556
1.19527
1.19497
1.19466
1.19434
1.19401
1.19367
1.19332
1.19296
1.19258
1.1922
1.19181
1.19141
1.191
1.19057
1.19014
1.1897
1.18925
1.18879
1.18832
1.18784
1.18735
1.18685
1.18634
1.18583
1.18531
1.18478
1.18424
1.1837
1.18316
1.18261
1.18205
1.1815
1.18094
1.18037
1.17981
1.17925
1.17869
1.17813
1.17758
1.17703
1.17648
1.17595
1.17542
1.1749
1.17438
1.17389
1.1734
1.17293
1.17247
1.17203
1.17161
1.1712
1.17082
1.17045
1.17011
1.1698
1.1695
1.16923
1.16899
1.16877
1.16859
1.16843
1.16829
1.16819
1.16812
1.16807
1.16806
1.16808
1.16812
1.1682
1.1683
1.16843
1.1686
1.16879
1.169
1.16925
1.16952
1.16982
1.17014
1.17048
1.17084
1.17123
1.17164
1.17207
1.17251
1.17297
1.17344
1.17393
1.17444
1.17495
1.17547
1.17601
1.17655
1.17709
1.17765
1.1782
1.17876
1.17933
1.17989
1.18045
1.18101
1.18157
1.18213
1.18268
1.18323
1.18377
1.18431
1.18484
1.18536
1.18588
1.18639
1.18689
1.18738
1.18786
1.18833
1.18879
1.18923
1.18967
1.1901
1.19052
1.19092
1.19132
1.1917
1.19207
1.19243
1.19277
1.19311
1.19343
1.19374
1.19404
1.19433
1.19461
1.19487
1.19512
1.19536
1.19559
1.19581
1.19601
1.1962
1.19638
1.19655
1.19671
1.19685
1.19699
1.19711
1.19722
1.19731
1.1974
1.19747
1.19753
1.19758
1.19761
1.19763
1.19764
1.19764
1.19762
1.19759
1.19754
1.19748
1.19741
1.19732
1.19722
1.1971
1.19697
1.19682
1.19665
1.19647
1.19627
1.19605
1.19582
1.19557
1.1953
1.19501
1.1947
1.19438
1.19403
1.19367
1.19328
1.19288
1.19245
1.19201
1.19154
1.19105
1.19055
1.19002
1.18947
1.1889
1.18831
1.1877
1.18707
1.18642
1.18576
1.18507
1.18437
1.18365
1.18292
1.18217
1.18141
1.18064
1.17986
1.17906
1.17826
1.17746
1.17665
1.17583
1.17502
1.17421
1.17341
1.17261
1.17183
1.17105
1.17029
1.16955
1.16882
1.16812
1.16745
1.19967
1.19905
1.19846
1.19791
1.19739
1.19691
1.19648
1.19609
1.19575
1.19545
1.19521
1.19501
1.19487
1.19478
1.19474
1.19476
1.19484
1.19496
1.19515
1.19538
1.19567
1.19601
1.1964
1.19683
1.19732
1.19785
1.19842
1.19904
1.19969
1.20038
1.2011
1.20186
1.20264
1.20345
1.20428
1.20513
1.206
1.20689
1.20778
1.20869
1.20961
1.21053
1.21145
1.21238
1.2133
1.21422
1.21513
1.21604
1.21694
1.21783
1.21871
1.21957
1.22042
1.22126
1.22208
1.22288
1.22367
1.22444
1.22519
1.22592
1.22663
1.22732
1.22799
1.22864
1.22927
1.22988
1.23047
1.23104
1.23159
1.23212
1.23263
1.23312
1.23359
1.23405
1.23448
1.2349
1.23529
1.23568
1.23604
1.23639
1.23672
1.23704
1.23734
1.23762
1.2379
1.23815
1.2384
1.23863
1.23885
1.23906
1.23925
1.23943
1.23961
1.23977
1.23992
1.24007
1.2402
1.24033
1.24045
1.24056
1.24066
1.24075
1.24084
1.24092
1.241
1.24106
1.24113
1.24119
1.24124
1.24129
1.24133
1.24137
1.24141
1.24144
1.24147
1.24149
1.24152
1.24154
1.24155
1.24157
1.24158
1.24159
1.2416
1.24161
1.24161
1.24161
1.24162
1.24162
1.24162
1.24162
1.24161
1.24161
1.24161
1.2416
1.24159
1.24159
1.24158
1.24157
1.24157
1.24156
1.24155
1.24154
1.24153
1.24152
1.24151
1.2415
1.24149
1.24148
1.24146
1.24145
1.24144
1.24143
1.24142
1.2414
1.24139
1.24138
1.24136
1.24135
1.24134
1.24132
1.24131
1.2413
1.24128
1.24127
1.24125
1.24124
1.24122
1.24121
1.24119
1.24117
1.24116
1.24114
1.24113
1.24111
1.24109
1.24108
1.24106
1.24104
1.24103
1.24101
1.24099
1.24098
1.24096
1.24094
1.24093
1.24091
1.2409
1.24088
1.24086
1.24085
1.24083
1.24082
1.2408
1.24078
1.24077
1.24075
1.24074
1.24072
1.24071
1.24069
1.24067
1.24066
1.24064
1.24063
1.24061
1.24059
1.24057
1.24056
1.24054
1.24052
1.2405
1.24047
1.24045
1.24043
1.2404
1.24038
1.24035
1.24032
1.24029
1.24026
1.24022
1.24019
1.24015
1.24011
1.24006
1.24002
1.23997
1.23991
1.23986
1.2398
1.23974
1.23967
1.2396
1.23953
1.23945
1.23936
1.23928
1.23919
1.23909
1.23899
1.23888
1.23877
1.23866
1.23854
1.23841
1.23828
1.23814
1.238
1.23785
1.2377
1.23754
1.23737
1.2372
1.23702
1.23684
1.23665
1.23646
1.23626
1.23605
1.23584
1.23562
1.2354
1.23517
1.23494
1.2347
1.23446
1.23421
1.23396
1.2337
1.23344
1.23317
1.2329
1.23263
1.23235
1.23207
1.23179
1.2315
1.23121
1.23092
1.23062
1.23032
1.23002
1.22972
1.22942
1.22911
1.22881
1.2285
1.22819
1.22789
1.22758
1.22727
1.22696
1.22666
1.22635
1.22604
1.22574
1.22544
1.22514
1.22484
1.22454
1.19985
1.19956
1.19928
1.19899
1.19871
1.19844
1.19816
1.19789
1.19763
1.19737
1.19711
1.19686
1.19661
1.19637
1.19613
1.1959
1.19567
1.19545
1.19523
1.19502
1.19482
1.19462
1.19442
1.19424
1.19406
1.19388
1.19371
1.19355
1.1934
1.19325
1.19311
1.19298
1.19285
1.19274
1.19263
1.19252
1.19243
1.19234
1.19226
1.19218
1.19212
1.19206
1.19201
1.19197
1.19193
1.1919
1.19188
1.19187
1.19187
1.19187
1.19188
1.1919
1.19193
1.19196
1.192
1.19204
1.1921
1.19216
1.19223
1.1923
1.19238
1.19247
1.19256
1.19266
1.19277
1.19288
1.193
1.19312
1.19325
1.19338
1.19352
1.19366
1.1938
1.19396
1.19411
1.19427
1.19444
1.1946
1.19477
1.19495
1.19513
1.19531
1.19549
1.19568
1.19587
1.19606
1.19626
1.19646
1.19666
1.19686
1.19706
1.19727
1.19748
1.19769
1.1979
1.19812
1.19833
1.19855
1.19877
1.19899
1.19921
1.19943
1.19966
1.19988
1.20011
1.20034
1.20057
1.2008
1.20103
1.20126
1.20149
1.20172
1.20196
1.20219
1.20243
1.20267
1.2029
1.20314
1.20338
1.20362
1.20386
1.2041
1.20434
1.20458
1.20482
1.20506
1.2053
1.20554
1.20578
1.20602
1.20626
1.2065
1.20675
1.20699
1.20723
1.20747
1.20771
1.20795
1.20819
1.20842
1.20866
1.2089
1.20914
1.20937
1.20961
1.20984
1.21008
1.21031
1.21054
1.21077
1.211
1.21122
1.21145
1.21168
1.2119
1.21212
1.21234
1.21256
1.21278
1.21299
1.21321
1.21342
1.21363
1.21384
1.21405
1.21425
1.21445
1.21465
1.21485
1.21505
1.21524
1.21543
1.21562
1.21581
1.21599
1.21617
1.21635
1.21653
1.2167
1.21688
1.21705
1.21721
1.21738
1.21754
1.21769
1.21785
1.218
1.21815
1.2183
1.21844
1.21858
1.21872
1.21885
1.21898
1.21911
1.21924
1.21936
1.21948
1.21959
1.2197
1.21981
1.21992
1.22002
1.22012
1.22021
1.2203
1.22039
1.22048
1.22056
1.22064
1.22071
1.22078
1.22085
1.22091
1.22097
1.22103
1.22109
1.22114
1.22118
1.22123
1.22126
1.2213
1.22133
1.22136
1.22139
1.22141
1.22143
1.22145
1.22146
1.22147
1.22147
1.22148
1.22147
1.22147
1.22146
1.22145
1.22144
1.22142
1.2214
1.22138
1.22135
1.22132
1.22129
1.22126
1.22122
1.22118
1.22114
1.22109
1.22105
1.22099
1.22094
1.22089
1.22083
1.22077
1.22071
1.22064
1.22057
1.22051
1.22044
1.22036
1.22029
1.22021
1.22013
1.22005
1.21997
1.21989
1.21981
1.21972
1.21963
1.21954
1.21945
1.21936
1.21927
1.21918
1.21908
1.21899
1.21889
1.2188
1.2187
1.2186
1.2185
1.21841
1.21831
1.21821
1.21811
1.21801
1.2179
1.2178
1.2177
1.2176
1.2175
1.2174
1.21729
1.21719
1.21709
1.21699
1.21689
1.21678
1.21668
1.21658
1.19995
1.19985
1.19974
1.19964
1.19954
1.19944
1.19934
1.19923
1.19913
1.19903
1.19893
1.19883
1.19873
1.19862
1.19852
1.19842
1.19832
1.19822
1.19812
1.19801
1.19791
1.19781
1.1977
1.1976
1.1975
1.19739
1.19729
1.19718
1.19707
1.19697
1.19686
1.19675
1.19664
1.19653
1.19641
1.1963
1.19619
1.19607
1.19595
1.19583
1.19571
1.19559
1.19546
1.19534
1.19521
1.19508
1.19495
1.19481
1.19467
1.19453
1.19439
1.19425
1.1941
1.19395
1.1938
1.19365
1.19349
1.19333
1.19317
1.193
1.19283
1.19266
1.19249
1.19231
1.19213
1.19194
1.19176
1.19157
1.19137
1.19118
1.19098
1.19078
1.19057
1.19036
1.19015
1.18994
1.18972
1.18951
1.18928
1.18906
1.18883
1.1886
1.18837
1.18814
1.18791
1.18767
1.18743
1.18719
1.18695
1.1867
1.18646
1.18621
1.18597
1.18572
1.18547
1.18523
1.18498
1.18473
1.18448
1.18424
1.18399
1.18374
1.1835
1.18326
1.18301
1.18277
1.18254
1.1823
1.18206
1.18183
1.1816
1.18138
1.18115
1.18093
1.18072
1.1805
1.18029
1.18008
1.17988
1.17968
1.17949
1.1793
1.17911
1.17893
1.17875
1.17858
1.17841
1.17824
1.17808
1.17793
1.17778
1.17763
1.17749
1.17735
1.17722
1.17709
1.17696
1.17684
1.17673
1.17662
1.17651
1.17641
1.17631
1.17621
1.17612
1.17603
1.17594
1.17586
1.17578
1.1757
1.17563
1.17556
1.17549
1.17543
1.17536
1.1753
1.17524
1.17519
1.17513
1.17508
1.17502
1.17497
1.17493
1.17488
1.17483
1.17479
1.17474
1.1747
1.17466
1.17462
1.17458
1.17454
1.17451
1.17447
1.17444
1.1744
1.17437
1.17434
1.17431
1.17428
1.17426
1.17424
1.17421
1.17419
1.17418
1.17416
1.17415
1.17414
1.17413
1.17412
1.17412
1.17412
1.17413
1.17414
1.17415
1.17417
1.17419
1.17421
1.17424
1.17427
1.17431
1.17436
1.1744
1.17446
1.17452
1.17458
1.17465
1.17472
1.1748
1.17489
1.17498
1.17508
1.17519
1.1753
1.17541
1.17553
1.17566
1.17579
1.17593
1.17608
1.17623
1.17638
1.17654
1.17671
1.17688
1.17706
1.17724
1.17742
1.17761
1.1778
1.178
1.1782
1.17841
1.17861
1.17882
1.17904
1.17925
1.17947
1.17969
1.17991
1.18013
1.18035
1.18057
1.18079
1.18102
1.18124
1.18146
1.18168
1.18189
1.18211
1.18232
1.18253
1.18274
1.18295
1.18315
1.18334
1.18354
1.18372
1.18391
1.18409
1.18426
1.18443
1.18459
1.18475
1.1849
1.18504
1.18518
1.1853
1.18543
1.18554
1.18565
1.18575
1.18584
1.18592
1.18599
1.18606
1.18611
1.18616
1.1862
1.18623
1.18625
1.18626
1.18626
1.18625
1.18623
1.1862
1.18616
1.18611
1.18605
1.18599
1.18591
1.18582
1.18572
1.18561
1.1855
1.18537
1.18523
1.18508
1.18492
1.18476
1.19991
1.19972
1.19952
1.19931
1.1991
1.19887
1.19864
1.19839
1.19814
1.19788
1.19761
1.19734
1.19705
1.19676
1.19646
1.19615
1.19584
1.19552
1.1952
1.19486
1.19453
1.19419
1.19384
1.19349
1.19313
1.19277
1.19241
1.19205
1.19168
1.19131
1.19094
1.19056
1.19019
1.18981
1.18944
1.18907
1.18869
1.18832
1.18795
1.18758
1.18721
1.18685
1.18649
1.18613
1.18578
1.18543
1.18509
1.18475
1.18442
1.1841
1.18378
1.18346
1.18316
1.18286
1.18257
1.18229
1.18201
1.18174
1.18148
1.18123
1.18099
1.18076
1.18054
1.18032
1.18012
1.17992
1.17974
1.17956
1.17939
1.17924
1.17909
1.17895
1.17882
1.17869
1.17858
1.17848
1.17838
1.17829
1.17821
1.17814
1.17808
1.17802
1.17797
1.17792
1.17788
1.17785
1.17783
1.1778
1.17779
1.17778
1.17777
1.17776
1.17776
1.17777
1.17777
1.17778
1.17779
1.1778
1.17781
1.17782
1.17783
1.17784
1.17785
1.17786
1.17787
1.17788
1.17788
1.17789
1.17789
1.17788
1.17788
1.17787
1.17786
1.17784
1.17782
1.17779
1.17776
1.17772
1.17768
1.17764
1.17758
1.17753
1.17746
1.17739
1.17732
1.17724
1.17715
1.17706
1.17696
1.17686
1.17675
1.17664
1.17652
1.17639
1.17626
1.17612
1.17598
1.17583
1.17568
1.17552
1.17536
1.1752
1.17503
1.17486
1.17468
1.1745
1.17432
1.17414
1.17395
1.17376
1.17357
1.17338
1.17319
1.173
1.17281
1.17262
1.17243
1.17224
1.17205
1.17187
1.17168
1.1715
1.17133
1.17116
1.17099
1.17082
1.17066
1.17051
1.17036
1.17022
1.17009
1.16996
1.16984
1.16973
1.16962
1.16952
1.16944
1.16936
1.16929
1.16923
1.16918
1.16915
1.16912
1.1691
1.1691
1.1691
1.16912
1.16915
1.16919
1.16924
1.16931
1.16938
1.16947
1.16957
1.16969
1.16981
1.16995
1.1701
1.17026
1.17044
1.17062
1.17082
1.17103
1.17125
1.17148
1.17172
1.17197
1.17224
1.17251
1.17279
1.17309
1.17339
1.1737
1.17402
1.17435
1.17469
1.17503
1.17538
1.17574
1.1761
1.17647
1.17685
1.17723
1.17761
1.178
1.1784
1.17879
1.1792
1.1796
1.18
1.18041
1.18082
1.18123
1.18164
1.18205
1.18246
1.18287
1.18329
1.18369
1.1841
1.18451
1.18491
1.18531
1.18571
1.18611
1.1865
1.18689
1.18727
1.18765
1.18803
1.1884
1.18877
1.18913
1.18948
1.18983
1.19018
1.19052
1.19085
1.19118
1.1915
1.19181
1.19211
1.19241
1.19271
1.19299
1.19327
1.19354
1.19381
1.19406
1.19431
1.19455
1.19478
1.19501
1.19523
1.19544
1.19564
1.19583
1.19602
1.1962
1.19637
1.19653
1.19668
1.19683
1.19697
1.1971
1.19722
1.19733
1.19744
1.19753
1.19762
1.19771
1.19778
1.19785
1.1979
1.19796
1.198
1.19803
1.19806
1.19808
1.19809
