0,0,0
0.0230664,0,0
0.0461329,0,0
0.0691993,0,0
0.0922657,0,0
0.115332,0,0
0.138399,0,0
0.161465,0,0
0.184531,0,0
0.207598,0,0
0.230664,0,0
0.253731,0,0
0.276797,0,0
0.299864,0,0
0.32293,0,0
0.345996,0,0
0.369063,0,0
0.392129,0,0
0.415196,0,0
0.438262,0,0
0.461329,0,0
0.484395,0,0
0.507461,0,0
0.530528,0,0
0.553594,0,0
0.576661,0,0
0.599727,0,0
0.622794,0,0
0.64586,0,0
0.668926,0,0
0.691993,0,0
0.715059,0,0
0.738126,0,0
0.761192,0,0
0.784259,0,0
0.807325,0,0
0.830391,0,0
0.853458,0,0
0.876524,0.000250378,0.000250378
0.899591,0.00321113,0.000745443
0.922657,0.0508022,0.00346889
0.945724,0.294998,0.00757148
0.96879,1.02305,0.0178713
0.991856,2.30091,0.0317445
1.01492,3.6072,0.0449408
1.03799,4.53561,0.0529651
1.06106,4.79303,0.055461
1.08412,4.35795,0.0527688
1.10719,3.60905,0.0453649
1.13026,2.66299,0.0346871
1.15332,1.84146,0.0239252
1.17639,1.13128,0.0161322
1.19945,0.629822,0.0117478
1.22252,0.359648,0.0087149
1.24559,0.189277,0.00618451
1.26865,0.0886296,0.00363516
1.29172,0.0542254,0.0033992
1.31479,0.0404999,0.00298294
1.33785,0.0579715,0.00310316
1.36092,0.0962982,0.00399122
1.38399,0.17741,0.00568663
1.40705,0.292428,0.00658124
1.43012,0.440721,0.00848412
1.45319,0.634525,0.0105362
1.47625,0.79972,0.0123146
1.49932,0.917909,0.0144178
1.52238,0.959512,0.0140665
1.54545,0.92108,0.0136491
1.56852,0.807097,0.0121763
1.59158,0.644102,0.0101104
1.61465,0.466959,0.00810051
1.63772,0.308,0.00620846
1.66078,0.211687,0.00543006
1.68385,0.193556,0.00549185
1.70692,0.253495,0.00630658
1.72998,0.441194,0.00840055
1.75305,0.751744,0.0113129
1.77612,1.19005,0.0154694
1.79918,1.7034,0.020621
1.82225,2.19743,0.0249569
1.84531,2.56609,0.0291997
1.86838,2.66564,0.0317767
1.89145,2.51872,0.0297711
1.91451,2.1648,0.0254744
1.93758,1.68126,0.0192014
1.96065,1.19392,0.0139672
1.98371,0.804556,0.0111212
2.00678,0.534369,0.00909766
2.02985,0.425051,0.0083783
2.05291,0.46287,0.00820301
2.07598,0.587631,0.00791129
2.09905,0.758246,0.00988592
2.12211,0.906016,0.0113471
2.14518,1.00137,0.012366
2.16824,0.983374,0.0123934
2.19131,0.904877,0.0114465
2.21438,0.78258,0.00984318
2.23744,0.639405,0.00835287
2.26051,0.5633,0.00841616
2.28358,0.568528,0.00915787
