0,0,0
0.064633,0,0
0.129266,0,0
0.193899,0,0
0.258532,0,0
0.323165,0,0
0.387798,0,0
0.452431,0,0
0.517064,0,0
0.581697,0,0
0.64633,0,0
0.710963,0,0
0.775596,0,0
0.84023,0,0
0.904863,0.144174,0.0182915
0.969496,0.859304,0.051366
1.03413,1.72851,0.0622456
1.09876,1.78809,0.0594763
1.16339,1.61017,0.0539467
1.22803,1.55296,0.0542944
1.29266,1.33295,0.0467432
1.35729,1.31089,0.0446644
1.42193,1.19481,0.0446281
1.48656,1.06035,0.0348223
1.55119,0.987784,0.0374801
1.61583,0.940777,0.0322941
1.68046,0.970284,0.0343638
1.74509,0.983203,0.0340681
1.80973,0.967629,0.0312419
1.87436,1.00315,0.0306751
1.93899,0.997609,0.0294224
2.00362,0.995737,0.030825
2.06826,1.06196,0.0258774
2.13289,0.977886,0.0253379
2.19752,0.981741,0.0248758
2.26216,0.966822,0.0264786
2.32679,0.957318,0.025615
2.39142,0.99138,0.0264252
2.45606,0.954197,0.0207731
2.52069,0.942953,0.0214518
2.58532,0.935003,0.0220268
2.64995,1.01778,0.0265173
2.71459,0.992965,0.0244573
2.77922,0.951455,0.0205402
2.84385,0.965124,0.0220557
2.90849,0.978051,0.0199131
2.97312,0.954753,0.0197005
3.03775,0.936071,0.0200153
3.10239,0.963936,0.018716
3.16702,0.935042,0.0194247
3.23165,0.945624,0.0180865
3.29629,0.94143,0.0182222
3.36092,0.988897,0.0174532
3.42555,0.945758,0.0184181
3.49018,0.952806,0.016956
3.55482,0.935958,0.0175434
3.61945,0.940235,0.0163137
3.68408,0.949812,0.0157606
3.74872,0.942995,0.0164719
3.81335,0.96252,0.0158024
3.87798,0.948077,0.0173841
3.94262,0.949041,0.0155216
4.00725,0.972778,0.0167306
4.07188,0.943856,0.0136786
4.13651,0.956465,0.0152616
4.20115,0.947191,0.0146737
4.26578,0.960521,0.0156122
4.33041,0.94475,0.0146564
4.39505,0.920578,0.0159721
4.45968,0.965285,0.013657
4.52431,0.953777,0.0162946
4.58895,0.962529,0.0151732
4.65358,0.957955,0.0143815
4.71821,0.910319,0.0134391
4.78285,0.920187,0.0143393
4.84748,0.928208,0.0146235
4.91211,0.946568,0.0144157
4.97674,0.958919,0.0150202
5.04138,0.944323,0.0145749
5.10601,0.934464,0.0133377
5.17064,0.956952,0.0139612
5.23528,0.956172,0.0137697
5.29991,0.979094,0.0144323
5.36454,0.975332,0.0145085
5.42918,0.973926,0.0145317
5.49381,0.980679,0.0148866
5.55844,0.963725,0.0139121
5.62307,0.963538,0.0143651
5.68771,0.96523,0.0135126
5.75234,0.97189,0.0134231
5.81697,1.02142,0.0132315
5.88161,1.01164,0.0135986
5.94624,0.989997,0.0139511
6.01087,1.00192,0.0134836
6.07551,1.01129,0.0131049
6.14014,1.00808,0.0138749
6.20477,0.999939,0.0133062
6.2694,0.998891,0.0129994
6.33404,0.987547,0.0129212
6.39867,1.00688,0.0135513
