-8.50919
-8.36128
-8.24107
-8.12679
-8.05466
-7.98834
-7.91929
-7.88159
-7.80884
-7.76498
-7.73807
-7.8193
-7.78641
-7.76207
-7.72036
-7.60429
-7.56795
-7.62313
-7.67511
-7.64949
-7.62562
-7.58104
-7.58162
-7.62999
-7.67595
-7.6071
-7.59993
-7.60461
-7.68168
-7.65313
-7.68047
-7.68105
-7.63779
-7.60853
-7.5243
-7.55675
-7.44687
-7.36534
-7.37892
-7.41194
-7.47308
-7.46131
-7.41936
-7.50144
-7.61825
-7.68907
-7.67664
-7.50887
-7.589
-7.58318
-7.58862
-7.58589
-7.60012
-7.55385
-7.42465
-7.40331
-7.50514
-7.58661
-7.53518
-7.58275
-7.54257
-7.56234
-7.57725
-7.57739
-7.58488
-7.5744
-7.59594
-7.62261
-7.55279
-7.5735
-7.58004
-7.58003
-7.53716
-7.5511
-7.57601
-7.63265
-7.53206
-7.53353
-7.54252
-7.5143
-7.5575
-7.54366
-7.51061
-7.4316
-7.43416
-7.48736
-7.5573
-7.57295
-7.66515
-7.71916
-7.70484
-7.68647
-7.67903
-7.70992
-7.71067
-7.68481
-7.63888
-7.63643
-7.66365
-7.67562
-7.76041
-7.73729
-7.70313
-7.70453
-7.69608
-7.70099
-7.66348
-7.59201
-7.64045
-7.6057
-7.64102
-7.62092
-7.64282
-7.56105
-7.57111
-7.52016
-7.51014
-7.4931
-7.4756
-7.48983
-7.4879
-7.57556
-7.54069
-7.54253
-7.50643
-7.52541
-7.58414
-7.56234
-7.54494
-7.54587
-7.48426
-7.53023
-7.5128
-7.47308
-7.44267
-7.39176
-7.42595
-7.45861
-7.42319
-7.44396
-7.42419
-7.45785
-7.45492
-7.51969
-7.53138
-7.50311
-7.60731
-7.62079
-7.57863
-7.50853
-7.53737
-7.56113
-7.57853
-7.61627
-7.57061
-7.59179
-7.48391
-7.52883
-7.54879
-7.46066
-7.50667
-7.4537
-7.5335
-7.62989
-7.66418
-7.68184
-7.72484
-7.68416
-7.69187
-7.76482
-7.71894
-7.69365
-7.69781
-7.73565
-7.66128
-7.69263
-7.65982
-7.61509
-7.61356
-7.52496
-7.52186
-7.59939
-7.62102
-7.64273
-7.66652
-7.69377
-7.59427
-7.5301
-7.48267
-7.41398
-7.4714
-7.52522
-7.59004
-7.63081
-7.61661
-7.66375
-7.65764
-7.70864
-7.666
-7.66232
-7.64979
-7.52879
-7.55943
-7.5005
-7.47762
-7.53843
-7.52213
-7.51135
-7.57419
-7.51645
-7.49029
-7.44164
-7.47688
-7.44882
-7.49085
-7.54727
-7.56045
-7.50494
-7.50167
-7.5201
-7.48997
-7.51218
-7.51462
-7.52514
-7.53632
-7.5127
-7.51898
-7.51764
-7.54201
-7.58952
-7.58868
-7.54027
-7.58006
-7.65251
-7.64954
-7.57159
-7.52323
-7.48328
-7.56199
-7.53776
-7.57205
-7.44193
-7.5837
-7.64175
-7.61254
-7.69762
-7.62072
-7.6096
-7.58749
-7.54209
-7.51498
-7.47527
-7.52924
-7.51524
-7.54292
-7.59112
-7.6523
-7.665
-7.69943
-7.62425
-7.61846
-7.66582
-7.61317
-7.60659
-7.58018
-7.58168
-7.60321
-7.51017
-7.41063
-7.4467
-7.54814
-7.59548
-7.64041
-7.68035
-7.66487
-7.68745
-7.65622
-7.72675
-7.66549
-7.70477
-7.71934
-7.76013
-7.75572
-7.72946
-7.6035
-7.67917
-7.72813
-7.63168
-7.59446
-7.62416
-7.63035
-7.59041
-7.46312
-7.43122
-7.42488
-7.50292
-7.47235
-7.50322
-7.47733
-7.53883
-7.60217
-7.47522
-7.4664
-7.47602
-7.57523
-7.52284
-7.48174
-7.52803
-7.58728
-7.63276
-7.57741
-7.62454
-7.62474
-7.57612
-7.71034
-7.69407
-7.70045
-7.74511
-7.71162
-7.6033
-7.59016
-7.60401
-7.65457
-7.61844
-7.58252
-7.57093
-7.63768
-7.62984
-7.56296
-7.60168
-7.55461
-7.65117
-7.56773
-7.64052
-7.62426
-7.65946
-7.75897
-7.74288
-7.68132
-7.61711
-7.61584
-7.61107
-7.5442
-7.49542
-7.521
-7.54511
-7.56332
-7.55206
-7.46397
-7.48242
-7.46613
-7.488
-7.51017
-7.50925
-7.47598
-7.47587
-7.51732
-7.44892
-7.48555
-7.49544
-7.5191
-7.50443
-7.52817
-7.57085
-7.58184
-7.54263
-7.53566
-7.53602
-7.49017
-7.5972
-7.58572
-7.63805
-7.59036
-7.51229
-7.51179
-7.5637
-7.60212
-7.52621
-7.46616
-7.56872
-7.52006
-7.62368
-7.55735
-7.53317
-7.41036
-7.4135
-7.41544
-7.47348
-7.46048
-7.46469
-7.50053
-7.46346
-7.53209
-7.53304
-7.54963
-7.53994
-7.60546
-7.61863
-7.54894
-7.62433
-7.64854
-7.54981
-7.59947
-7.61821
-7.61496
-7.55271
-7.54631
-7.58031
-7.51788
-7.52204
-7.5453
-7.58411
-7.50454
-7.49027
-7.47539
-7.47786
-7.43642
-7.39638
-7.45141
-7.37107
-7.49381
-7.58514
-7.54901
-7.59404
-7.51976
-7.52825
-7.47921
-7.45511
-7.47191
-7.56331
-7.60146
-7.4896
-7.49504
-7.50562
-7.54597
-7.56967
-7.54167
-7.51937
-7.51365
-7.59155
-7.52764
-7.50849
-7.51631
-7.52612
-7.53062
-7.59072
-7.60439
-7.65071
-7.64835
-7.59045
-7.62822
-7.62404
-7.64279
-7.59778
-7.52831
-7.50703
-7.49009
-7.52199
-7.58059
-7.55124
-7.521
-7.51676
-7.59499
-7.63938
-7.65398
-7.63138
-7.66696
-7.64751
-7.70906
-7.72014
-7.66546
-7.68173
-7.7122
-7.73892
-7.73108
-7.68161
-7.64307
-7.64896
-7.5886
-7.62977
-7.66672
-7.7132
-7.71581
-7.63538
-7.58535
-7.56685
-7.53226
-7.59696
-7.60086
-7.58659
-7.62689
-7.53228
-7.50185
-7.48715
-7.4833
-7.53367
-7.51804
-7.53181
-7.46263
-7.48285
-7.42156
-7.42401
-7.44916
-7.56405
-7.56221
-7.54676
-7.5029
-7.54157
-7.49179
-7.47386
-7.3634
-7.35417
-7.3911
-7.34148
-7.35875
-7.40333
-7.55929
-7.63595
-7.63706
-7.63689
-7.6523
-7.53067
-7.58506
-7.60739
-7.60197
-7.63925
-7.70971
-7.61002
-7.65402
-7.63763
-7.63424
-7.59722
-7.5675
-7.53036
-7.51964
-7.60447
-7.53458
-7.52243
-7.59275
-7.6269
-7.63802
-7.70678
-7.61941
-7.60683
-7.62792
-7.67953
-7.75349
-7.73487
-7.70059
-7.62979
-7.6811
-7.68867
-7.65393
-7.65952
-7.63013
-7.5679
-7.5767
-7.49225
-7.56198
-7.61188
-7.54984
-7.49511
-7.45091
-7.37004
-7.3726
-7.46831
-7.402
-7.34556
-7.41981
-7.41553
-7.48005
-7.44683
-7.4055
-7.41002
-7.45366
-7.51092
-7.49765
-7.49551
-7.39795
-7.41857
-7.47956
-7.51953
-7.46862
-7.46424
-7.55768
-7.538
-7.53892
-7.57244
-7.58582
-7.58355
-7.59426
-7.6064
-7.54931
-7.53373
-7.49073
-7.49525
-7.48899
-7.50324
-7.43731
-7.44187
-7.38174
-7.42357
-7.46056
-7.52195
-7.47744
-7.47434
-7.45381
-7.48789
-7.47759
-7.48948
-7.49647
-7.54633
-7.53671
-7.56424
-7.53823
-7.44036
-7.4521
-7.51831
-7.51205
-7.50021
-7.53791
-7.50922
-7.49128
-7.45313
-7.45128
-7.43985
-7.46329
-7.42844
-7.5156
-7.51757
-7.47183
-7.48704
-7.56654
-7.594
-7.57422
-7.57694
-7.52476
-7.56656
-7.6431
-7.61782
-7.62394
-7.66011
-7.69678
-7.65224
-7.64287
-7.67709
-7.62758
-7.61934
-7.58346
-7.60877
-7.57923
-7.62811
-7.61444
-7.56785
-7.63365
-7.6039
-7.54369
-7.51313
-7.47778
-7.43008
-7.44579
-7.52025
-7.52602
-7.48394
-7.41515
-7.4919
-7.56221
-7.50699
-7.5688
-7.54206
-7.62858
-7.6531
-7.67126
-7.6167
-7.50691
-7.55967
-7.54276
-7.50885
-7.53069
-7.61618
-7.61217
-7.64525
-7.67961
-7.68835
-7.73922
-7.7678
-7.73067
-7.74737
-7.72432
-7.71905
-7.70792
-7.67483
-7.64016
-7.65042
-7.67534
-7.6485
-7.5893
-7.59102
-7.5834
-7.59696
-7.56138
-7.57645
-7.55644
-7.58163
-7.62219
-7.61028
-7.65233
-7.69542
-7.66774
-7.65867
-7.61392
-7.52582
-7.48427
-7.50156
-7.47716
-7.45362
-7.57225
-7.61443
-7.61732
-7.57019
-7.58255
-7.59085
-7.53301
-7.49772
-7.49723
-7.5234
-7.48003
-7.44153
-7.40166
-7.53673
-7.43449
-7.39671
-7.41438
-7.34085
-7.36843
-7.399
-7.46342
-7.51327
-7.4998
-7.55289
-7.46226
-7.43738
-7.42777
-7.52223
-7.46586
-7.50326
-7.54518
-7.39835
-7.43401
-7.52888
-7.54571
-7.48765
-7.62591
-7.56442
-7.54875
-7.63016
-7.58647
-7.58236
-7.57497
-7.63245
-7.46989
-7.48364
-7.57488
-7.47533
-7.57047
-7.5985
-7.5108
-7.55352
-7.56444
-7.61759
-7.51136
-7.58663
-7.61447
-7.67539
-7.65084
-7.65572
-7.73564
-7.69819
-7.60879
-7.64435
-7.63696
-7.65668
-7.61693
-7.65057
-7.57469
-7.55516
-7.58206
-7.5885
-7.63889
-7.58137
-7.64145
-7.63389
-7.62945
-7.62288
-7.68956
-7.71468
-7.72876
-7.70429
-7.68344
-7.68652
