2.33796
3.12968
3.79786
4.44014
4.83053
5.20374
5.5675
5.76643
6.18098
6.41153
6.57026
6.10062
6.31901
6.46001
6.71551
7.34242
7.52989
7.22546
6.92365
7.08117
7.16651
7.43337
7.42661
7.16292
6.8776
7.24017
7.32103
7.31196
6.87801
7.0392
6.87828
6.8899
7.07784
7.2301
7.7012
7.52721
8.14272
8.61962
8.53401
8.36647
8.0197
8.1107
8.33891
7.86395
7.22288
6.84228
6.9159
7.83302
7.38831
7.42649
7.37847
7.39719
7.36648
7.59493
8.31444
8.44251
7.83557
7.43357
7.72697
7.42564
7.62164
7.53108
7.4427
7.45362
7.39621
7.43658
7.32246
7.19485
7.58293
7.43257
7.41257
7.40963
7.63172
7.57765
7.43871
7.12399
7.68949
7.68263
7.63708
7.78321
7.55255
7.60984
7.76725
8.17123
8.15092
7.88739
7.49629
7.42355
6.9162
6.64347
6.71689
6.84059
6.88565
6.69941
6.6776
6.80415
7.08925
7.10779
6.96336
6.87938
6.39983
6.5412
6.72907
6.68547
6.72932
6.7209
6.89847
7.27954
7.03838
7.25264
7.04811
7.14954
7.03681
7.49607
7.43766
7.71951
7.78616
7.90424
7.98443
7.91417
7.90528
7.42794
7.63293
7.62237
7.80806
7.71669
7.38578
7.49689
7.58738
7.6197
7.99183
7.73466
7.80127
8.02677
8.19083
8.4709
8.28572
8.10794
8.29795
8.1745
8.25287
8.06961
8.06285
7.7077
7.66362
7.82158
7.25038
7.16335
7.38372
7.78536
7.65021
7.53832
7.4401
7.22788
7.47615
7.34337
7.93985
7.71758
7.618
8.117
7.86512
8.1808
7.69366
7.13613
6.93725
6.82848
6.60872
6.83656
6.79559
6.38621
6.6487
6.77047
6.75989
6.51145
6.94082
6.74972
6.93898
7.19486
7.20723
7.71731
7.73603
7.31569
7.19016
7.05186
6.90244
6.75483
7.32533
7.66105
7.91229
8.27065
7.96654
7.65058
7.27942
7.12023
7.17581
6.92119
6.93148
6.6633
6.88747
6.91358
6.96252
7.61384
7.45198
7.82095
7.95091
7.62577
7.71838
7.79581
7.41679
7.72397
7.86641
8.12569
7.94919
8.10752
7.83069
7.51368
7.43877
7.74564
7.78273
7.69536
7.87224
7.74826
7.71014
7.67434
7.59233
7.74261
7.73476
7.71988
7.59643
7.34415
7.33759
7.57948
7.3524
6.9727
6.97813
7.43083
7.69007
7.88519
7.46095
7.62731
7.4293
8.11886
7.3456
7.03225
7.17031
6.71797
7.14935
7.19684
7.30444
7.54908
7.68472
7.92689
7.63789
7.71791
7.59108
7.32533
6.99006
6.92984
6.71103
7.14101
7.15936
6.93493
7.19581
7.26189
7.39384
7.37919
7.29408
7.83671
8.37671
8.16522
7.59016
7.31648
7.06137
6.85069
6.95028
6.81862
6.95641
6.55069
6.90968
6.70209
6.60674
6.38525
6.4152
6.53068
7.255
6.85362
6.59122
7.14596
7.36038
7.21698
7.17764
7.36305
8.09367
8.30679
8.34885
7.87374
8.04053
7.83595
7.97236
7.64379
7.30208
7.96193
8.04727
8.02207
7.45139
7.74846
7.98982
7.76796
7.40625
7.12384
7.4564
7.17179
7.19865
7.4868
6.73226
6.79877
6.72246
6.47944
6.67102
7.33534
7.37906
7.30888
7.0416
7.25296
7.41487
7.47711
7.09219
7.11209
7.48103
7.2792
7.55813
7.01186
7.51115
7.09251
7.20844
6.98292
6.40426
6.47744
6.83191
7.20575
7.18922
7.22785
7.59036
7.86136
7.71636
7.57886
7.46739
7.56269
8.02337
7.90986
8.00129
7.91173
7.75671
7.75996
7.9527
7.91124
7.70431
8.07786
7.90479
7.84599
7.74292
7.82323
7.67364
7.41312
7.39288
7.57618
7.62411
7.59297
7.85887
7.26227
7.34657
7.07862
7.36254
7.81241
7.82147
7.53356
7.3112
7.755
8.08378
7.5258
7.82001
7.21374
7.59659
7.74768
8.3695
8.3488
8.35948
8.02461
8.10106
8.07614
7.8537
8.06014
7.68273
7.69419
7.57799
7.64719
7.26435
7.18535
7.56568
7.13401
6.99648
7.54289
7.29603
7.20131
7.2024
7.55632
7.56895
7.40119
7.69965
7.67977
7.55532
7.3593
7.8197
7.86033
7.96571
7.95129
8.18889
8.43309
8.13083
8.60532
7.9324
7.41917
7.59013
7.33598
7.73637
7.67046
7.93012
8.09096
7.99108
7.47366
7.2361
7.87895
7.86344
7.77448
7.53774
7.41311
7.59389
7.72137
7.76008
7.31183
7.65064
7.78107
7.7241
7.67872
7.66629
7.31803
7.26797
6.99071
7.00224
7.34719
7.11293
7.16042
7.05735
7.32231
7.69896
7.80939
7.88108
7.68527
7.36543
7.53587
7.73113
7.76711
7.32546
7.07244
6.99863
7.11134
6.89428
6.99509
6.67545
6.5873
6.87345
6.80511
6.65617
6.50495
6.56324
6.82941
7.04925
7.02218
7.36142
7.1257
6.90454
6.65958
6.65766
7.09866
7.37257
7.49399
7.67419
7.31276
7.28102
7.36492
7.10892
7.65317
7.8512
7.89984
7.93427
7.64428
7.73911
7.69639
8.09863
7.98919
8.2803
8.2435
8.1339
7.5181
7.51454
7.57959
7.84032
7.64766
7.95183
8.03315
8.61025
8.62633
8.42423
8.70243
8.62918
8.3833
7.51716
7.09408
7.10732
7.11669
7.02781
7.68042
7.39889
7.28568
7.31706
7.12965
6.73942
7.24608
7.00375
7.12126
7.11464
7.30511
7.43983
7.65284
7.70597
7.27404
7.65387
7.7069
7.293
7.13878
7.0695
6.72326
7.23485
7.33039
7.20114
6.88013
6.43491
6.55793
6.73434
7.10356
6.82105
6.79139
7.02968
6.96629
7.11614
7.46017
7.44546
7.89427
7.51092
7.25482
7.56927
7.83129
8.10394
8.56159
8.53164
8.03545
8.41136
8.7435
8.31898
8.38657
8.05118
8.22608
8.4879
8.43167
8.12398
7.8125
7.87936
7.90257
8.39727
8.24349
7.96128
7.75986
8.07042
8.08073
7.53841
7.64344
7.609
7.44531
7.39729
7.38474
7.33057
7.2385
7.53272
7.63625
7.86
7.8446
7.84538
7.81423
8.16411
8.14298
8.44922
8.27163
8.0869
7.76133
7.99924
8.02033
8.10134
7.92471
7.95751
7.90576
7.88601
7.61255
7.69252
7.51932
7.65991
8.19948
8.10206
7.74509
7.77249
7.89335
7.66474
7.81628
7.89789
8.12448
8.1142
8.21042
8.06813
8.27992
7.79503
7.78618
8.03798
7.9604
7.51566
7.35241
7.45006
7.4098
7.68211
7.44798
7.02172
7.18091
7.16226
6.96901
6.74903
7.00662
7.07784
6.88992
7.15616
7.2141
7.41861
7.27627
7.41871
7.12765
7.19196
7.44486
7.07917
7.25843
7.61779
7.7907
8.00014
8.25542
8.13196
7.73746
7.70346
7.95417
8.34729
7.88233
7.50279
7.81003
7.49911
7.63735
7.14151
6.99508
6.91153
7.1926
7.80846
7.50506
7.62964
7.83234
7.71168
7.23412
7.25077
7.04154
6.8358
6.80564
6.5481
6.39885
6.57786
6.45796
6.59457
6.62917
6.69301
6.88307
7.09972
7.06066
6.88685
7.03835
7.33704
7.35185
7.38806
7.32937
7.53078
7.42068
7.53713
7.39875
7.162
7.23082
6.9907
6.72761
6.89999
6.95333
7.22439
7.67113
7.88858
7.81609
7.94442
8.10902
7.43346
7.17301
7.15194
7.43104
7.37353
7.33486
7.64512
7.85145
7.86942
7.71657
7.96878
8.15995
8.38445
7.63643
8.22381
8.41179
8.31362
8.69229
8.53642
8.37332
8.00501
7.73258
7.809
7.52028
8.03724
8.16417
8.22908
7.69947
8.01935
7.83414
7.6138
8.39149
8.21082
7.67279
7.55886
7.86889
7.13505
7.46454
7.5477
7.14212
7.42185
7.44123
7.46583
7.13812
8.0326
7.96272
7.44047
7.97444
7.47603
7.33001
7.83689
7.61558
7.55368
7.25451
7.80405
7.39736
7.20693
6.87671
7.03482
6.98207
6.5589
6.74807
7.20753
7.01658
7.07367
6.96994
7.1846
7.00468
7.43148
7.51941
7.39274
7.32018
7.06602
7.37155
7.06084
7.09716
7.06654
7.12106
6.72431
6.59521
6.54533
6.73395
6.84068
6.81556
